1.444444444444444420e+00 0.000000000000000000e+00 0.000000000000000000e+00
1.359563108611087756e+00 0.000000000000000000e+00 2.612378899077658079e-01
1.137340886388865435e+00 0.000000000000000000e+00 4.226917850200682114e-01
8.626591136111345648e-01 0.000000000000000000e+00 4.226917850200682669e-01
6.404368913889122439e-01 0.000000000000000000e+00 2.612378899077658634e-01
5.555555555555555802e-01 0.000000000000000000e+00 5.442874662877125091e-17
6.404368913889122439e-01 0.000000000000000000e+00 -2.612378899077657524e-01
8.626591136111344538e-01 0.000000000000000000e+00 -4.226917850200682114e-01
1.137340886388865435e+00 0.000000000000000000e+00 -4.226917850200682669e-01
1.359563108611087756e+00 0.000000000000000000e+00 -2.612378899077659189e-01
1.412879867726608119e+00 3.003168867367634332e-01 0.000000000000000000e+00
1.329853392734130058e+00 2.826690646847802024e-01 2.612378899077658079e-01
1.112487259237728621e+00 2.364664667252781016e-01 4.226917850200682114e-01
8.438079422298827570e-01 1.793569149102405280e-01 4.226917850200682669e-01
6.264418087334814311e-01 1.331543169507384272e-01 2.612378899077658634e-01
5.434153337410031481e-01 1.155064948987551826e-01 5.442874662877125091e-17
6.264418087334814311e-01 1.331543169507384272e-01 -2.612378899077657524e-01
8.438079422298826460e-01 1.793569149102405003e-01 -4.226917850200682114e-01
1.112487259237728621e+00 2.364664667252781016e-01 -4.226917850200682669e-01
1.329853392734130058e+00 2.826690646847802024e-01 -2.612378899077659189e-01
1.319565661039312277e+00 5.875084844428224429e-01 0.000000000000000000e+00
1.242022702250113131e+00 5.529841348461733697e-01 2.612378899077658079e-01
1.039012600551757481e+00 4.625982141626621136e-01 4.226917850200682114e-01
7.880783147334443628e-01 3.508750719889381919e-01 4.226917850200682669e-01
5.850682130350884913e-01 2.604891513054269914e-01 2.612378899077658634e-01
5.075252542458893457e-01 2.259648017087778626e-01 5.442874662877125091e-17
5.850682130350884913e-01 2.604891513054269914e-01 -2.612378899077657524e-01
7.880783147334442518e-01 3.508750719889381364e-01 -4.226917850200682114e-01
1.039012600551757481e+00 4.625982141626621136e-01 -4.226917850200682669e-01
1.242022702250113131e+00 5.529841348461733697e-01 -2.612378899077659189e-01
1.168580102986035207e+00 8.490231422002390005e-01 0.000000000000000000e+00
1.099909659791602490e+00 7.991311448025072428e-01 2.612378899077658079e-01
9.201281054860585007e-01 6.685121998486243111e-01 4.226917850200682114e-01
6.979058832638364018e-01 5.070583047363219631e-01 4.226917850200682669e-01
5.181243289582924128e-01 3.764393597824389759e-01 2.612378899077658634e-01
4.494538857638596951e-01 3.265473623847073292e-01 5.442874662877125091e-17
5.181243289582924128e-01 3.764393597824389759e-01 -2.612378899077657524e-01
6.979058832638362908e-01 5.070583047363219631e-01 -4.226917850200682114e-01
9.201281054860585007e-01 6.685121998486243111e-01 -4.226917850200682669e-01
1.099909659791602490e+00 7.991311448025072428e-01 -2.612378899077659189e-01
9.665219869627952320e-01 1.073431414578458254e+00 0.000000000000000000e+00
9.097252872480713348e-01 1.010352289074290422e+00 2.612378899077658079e-01
7.610295969461028376e-01 8.452089945237583057e-01 4.226917850200682114e-01
5.772316157716136376e-01 6.410806564310301825e-01 4.226917850200682669e-01
4.285359254696450848e-01 4.759373618804980666e-01 2.612378899077658634e-01
3.717392257549212431e-01 4.128582363763301788e-01 5.442874662877125091e-17
4.285359254696450848e-01 4.759373618804980666e-01 -2.612378899077657524e-01
5.772316157716135265e-01 6.410806564310301825e-01 -4.226917850200682114e-01
7.610295969461028376e-01 8.452089945237583057e-01 -4.226917850200682669e-01
9.097252872480713348e-01 1.010352289074290422e+00 -2.612378899077659189e-01
7.222222222222223209e-01 1.250925583244189010e+00 0.000000000000000000e+00
6.797815543055439891e-01 1.177416190105343929e+00 2.612378899077658079e-01
5.686704431944328286e-01 9.849661003754685007e-01 4.226917850200682114e-01
4.313295568055673934e-01 7.470847071934086925e-01 4.226917850200682669e-01
3.202184456944561775e-01 5.546346174635333748e-01 2.612378899077658634e-01
2.777777777777778456e-01 4.811252243246881277e-01 5.442874662877125091e-17
3.202184456944561775e-01 5.546346174635333748e-01 -2.612378899077657524e-01
4.313295568055673379e-01 7.470847071934085815e-01 -4.226917850200682114e-01
5.686704431944328286e-01 9.849661003754685007e-01 -4.226917850200682669e-01
6.797815543055439891e-01 1.177416190105343929e+00 -2.612378899077659189e-01
4.463578807638129975e-01 1.373748301315221854e+00 0.000000000000000000e+00
4.201281054860585562e-01 1.293021353759070680e+00 2.612378899077658079e-01
3.514576622916257831e-01 1.081675461249036463e+00 4.226917850200682114e-01
2.665763264582691194e-01 8.204375713412707105e-01 4.226917850200682669e-01
1.979058832638363186e-01 6.090916788312364938e-01 2.612378899077658634e-01
1.716761079860819328e-01 5.283647312750853198e-01 5.442874662877125091e-17
1.979058832638363186e-01 6.090916788312364938e-01 -2.612378899077657524e-01
2.665763264582690639e-01 8.204375713412705995e-01 -4.226917850200682114e-01
3.514576622916257831e-01 1.081675461249036463e+00 -4.226917850200682669e-01
4.201281054860585562e-01 1.293021353759070680e+00 -2.612378899077659189e-01
1.509855580532772079e-01 1.436531626643061443e+00 0.000000000000000000e+00
1.421130424585108354e-01 1.352115279648680612e+00 2.612378899077658079e-01
1.188844950656989391e-01 1.131110414011286425e+00 4.226917850200682114e-01
9.017243146960797484e-02 8.579333767252601550e-01 4.226917850200682669e-01
6.694388407679607855e-02 6.369285110878659673e-01 2.612378899077658634e-01
5.807136848202969909e-02 5.525121640934851364e-01 5.442874662877125091e-17
6.694388407679607855e-02 6.369285110878659673e-01 -2.612378899077657524e-01
9.017243146960796096e-02 8.579333767252600440e-01 -4.226917850200682114e-01
1.188844950656989391e-01 1.131110414011286425e+00 -4.226917850200682669e-01
1.421130424585108354e-01 1.352115279648680612e+00 -2.612378899077659189e-01
-1.509855580532770414e-01 1.436531626643061665e+00 0.000000000000000000e+00
-1.421130424585106689e-01 1.352115279648680835e+00 2.612378899077658079e-01
-1.188844950656988003e-01 1.131110414011286647e+00 4.226917850200682114e-01
-9.017243146960786382e-02 8.579333767252602660e-01 4.226917850200682669e-01
-6.694388407679599529e-02 6.369285110878660783e-01 2.612378899077658634e-01
-5.807136848202962970e-02 5.525121640934852474e-01 5.442874662877125091e-17
-6.694388407679599529e-02 6.369285110878660783e-01 -2.612378899077657524e-01
-9.017243146960784994e-02 8.579333767252601550e-01 -4.226917850200682114e-01
-1.188844950656988003e-01 1.131110414011286647e+00 -4.226917850200682669e-01
-1.421130424585106689e-01 1.352115279648680835e+00 -2.612378899077659189e-01
-4.463578807638128310e-01 1.373748301315221854e+00 0.000000000000000000e+00
-4.201281054860584452e-01 1.293021353759070680e+00 2.612378899077658079e-01
-3.514576622916256721e-01 1.081675461249036463e+00 4.226917850200682114e-01
-2.665763264582690084e-01 8.204375713412708215e-01 4.226917850200682669e-01
-1.979058832638362631e-01 6.090916788312366048e-01 2.612378899077658634e-01
-1.716761079860818495e-01 5.283647312750854308e-01 5.442874662877125091e-17
-1.979058832638362631e-01 6.090916788312366048e-01 -2.612378899077657524e-01
-2.665763264582690084e-01 8.204375713412707105e-01 -4.226917850200682114e-01
-3.514576622916256721e-01 1.081675461249036463e+00 -4.226917850200682669e-01
-4.201281054860584452e-01 1.293021353759070680e+00 -2.612378899077659189e-01
-7.222222222222218768e-01 1.250925583244189232e+00 0.000000000000000000e+00
-6.797815543055435450e-01 1.177416190105343929e+00 2.612378899077658079e-01
-5.686704431944324956e-01 9.849661003754686117e-01 4.226917850200682114e-01
-4.313295568055671159e-01 7.470847071934088035e-01 4.226917850200682669e-01
-3.202184456944559554e-01 5.546346174635334858e-01 2.612378899077658634e-01
-2.777777777777776791e-01 4.811252243246881832e-01 5.442874662877125091e-17
-3.202184456944559554e-01 5.546346174635334858e-01 -2.612378899077657524e-01
-4.313295568055670604e-01 7.470847071934086925e-01 -4.226917850200682114e-01
-5.686704431944324956e-01 9.849661003754686117e-01 -4.226917850200682669e-01
-6.797815543055435450e-01 1.177416190105343929e+00 -2.612378899077659189e-01
-9.665219869627947880e-01 1.073431414578458698e+00 0.000000000000000000e+00
-9.097252872480708907e-01 1.010352289074290644e+00 2.612378899077658079e-01
-7.610295969461023935e-01 8.452089945237585278e-01 4.226917850200682114e-01
-5.772316157716134155e-01 6.410806564310304045e-01 4.226917850200682669e-01
-4.285359254696448628e-01 4.759373618804982331e-01 2.612378899077658634e-01
-3.717392257549210766e-01 4.128582363763302898e-01 5.442874662877125091e-17
-4.285359254696448628e-01 4.759373618804982331e-01 -2.612378899077657524e-01
-5.772316157716133045e-01 6.410806564310302935e-01 -4.226917850200682114e-01
-7.610295969461023935e-01 8.452089945237585278e-01 -4.226917850200682669e-01
-9.097252872480708907e-01 1.010352289074290644e+00 -2.612378899077659189e-01
-1.168580102986034985e+00 8.490231422002391115e-01 0.000000000000000000e+00
-1.099909659791602268e+00 7.991311448025074649e-01 2.612378899077658079e-01
-9.201281054860583897e-01 6.685121998486244221e-01 4.226917850200682114e-01
-6.979058832638362908e-01 5.070583047363220741e-01 4.226917850200682669e-01
-5.181243289582924128e-01 3.764393597824390869e-01 2.612378899077658634e-01
-4.494538857638596396e-01 3.265473623847073847e-01 5.442874662877125091e-17
-5.181243289582924128e-01 3.764393597824390869e-01 -2.612378899077657524e-01
-6.979058832638361798e-01 5.070583047363219631e-01 -4.226917850200682114e-01
-9.201281054860583897e-01 6.685121998486244221e-01 -4.226917850200682669e-01
-1.099909659791602268e+00 7.991311448025074649e-01 -2.612378899077659189e-01
-1.319565661039312499e+00 5.875084844428222208e-01 0.000000000000000000e+00
-1.242022702250113353e+00 5.529841348461731476e-01 2.612378899077658079e-01
-1.039012600551757481e+00 4.625982141626620026e-01 4.226917850200682114e-01
-7.880783147334444738e-01 3.508750719889380809e-01 4.226917850200682669e-01
-5.850682130350886023e-01 2.604891513054269359e-01 2.612378899077658634e-01
-5.075252542458894567e-01 2.259648017087778071e-01 5.442874662877125091e-17
-5.850682130350886023e-01 2.604891513054269359e-01 -2.612378899077657524e-01
-7.880783147334443628e-01 3.508750719889380254e-01 -4.226917850200682114e-01
-1.039012600551757481e+00 4.625982141626620026e-01 -4.226917850200682669e-01
-1.242022702250113353e+00 5.529841348461731476e-01 -2.612378899077659189e-01
-1.412879867726608119e+00 3.003168867367634332e-01 0.000000000000000000e+00
-1.329853392734130058e+00 2.826690646847802024e-01 2.612378899077658079e-01
-1.112487259237728621e+00 2.364664667252781016e-01 4.226917850200682114e-01
-8.438079422298827570e-01 1.793569149102405280e-01 4.226917850200682669e-01
-6.264418087334814311e-01 1.331543169507384272e-01 2.612378899077658634e-01
-5.434153337410031481e-01 1.155064948987551826e-01 5.442874662877125091e-17
-6.264418087334814311e-01 1.331543169507384272e-01 -2.612378899077657524e-01
-8.438079422298826460e-01 1.793569149102405003e-01 -4.226917850200682114e-01
-1.112487259237728621e+00 2.364664667252781016e-01 -4.226917850200682669e-01
-1.329853392734130058e+00 2.826690646847802024e-01 -2.612378899077659189e-01
-1.444444444444444420e+00 8.183556185491526111e-16 0.000000000000000000e+00
-1.359563108611087756e+00 7.702657675643322615e-16 2.612378899077658079e-01
-1.137340886388865435e+00 6.443649031721548381e-16 4.226917850200682114e-01
-8.626591136111345648e-01 4.887428763574410850e-16 4.226917850200682669e-01
-6.404368913889122439e-01 3.628420119652636616e-16 2.612378899077658634e-01
-5.555555555555555802e-01 3.147521609804433120e-16 5.442874662877125091e-17
-6.404368913889122439e-01 3.628420119652636616e-16 -2.612378899077657524e-01
-8.626591136111344538e-01 4.887428763574409864e-16 -4.226917850200682114e-01
-1.137340886388865435e+00 6.443649031721548381e-16 -4.226917850200682669e-01
-1.359563108611087756e+00 7.702657675643322615e-16 -2.612378899077659189e-01
-1.412879867726608119e+00 -3.003168867367631001e-01 0.000000000000000000e+00
-1.329853392734130058e+00 -2.826690646847798694e-01 2.612378899077658079e-01
-1.112487259237728621e+00 -2.364664667252778241e-01 4.226917850200682114e-01
-8.438079422298827570e-01 -1.793569149102403060e-01 4.226917850200682669e-01
-6.264418087334814311e-01 -1.331543169507382607e-01 2.612378899077658634e-01
-5.434153337410031481e-01 -1.155064948987550438e-01 5.442874662877125091e-17
-6.264418087334814311e-01 -1.331543169507382607e-01 -2.612378899077657524e-01
-8.438079422298826460e-01 -1.793569149102402782e-01 -4.226917850200682114e-01
-1.112487259237728621e+00 -2.364664667252778241e-01 -4.226917850200682669e-01
-1.329853392734130058e+00 -2.826690646847798694e-01 -2.612378899077659189e-01
-1.319565661039312277e+00 -5.875084844428225539e-01 0.000000000000000000e+00
-1.242022702250113131e+00 -5.529841348461733697e-01 2.612378899077658079e-01
-1.039012600551757481e+00 -4.625982141626621691e-01 4.226917850200682114e-01
-7.880783147334443628e-01 -3.508750719889382474e-01 4.226917850200682669e-01
-5.850682130350884913e-01 -2.604891513054270469e-01 2.612378899077658634e-01
-5.075252542458893457e-01 -2.259648017087778904e-01 5.442874662877125091e-17
-5.850682130350884913e-01 -2.604891513054270469e-01 -2.612378899077657524e-01
-7.880783147334442518e-01 -3.508750719889381919e-01 -4.226917850200682114e-01
-1.039012600551757481e+00 -4.625982141626621691e-01 -4.226917850200682669e-01
-1.242022702250113131e+00 -5.529841348461733697e-01 -2.612378899077659189e-01
-1.168580102986035207e+00 -8.490231422002387784e-01 0.000000000000000000e+00
-1.099909659791602490e+00 -7.991311448025071318e-01 2.612378899077658079e-01
-9.201281054860585007e-01 -6.685121998486242001e-01 4.226917850200682114e-01
-6.979058832638364018e-01 -5.070583047363218521e-01 4.226917850200682669e-01
-5.181243289582924128e-01 -3.764393597824389204e-01 2.612378899077658634e-01
-4.494538857638596951e-01 -3.265473623847072737e-01 5.442874662877125091e-17
-5.181243289582924128e-01 -3.764393597824389204e-01 -2.612378899077657524e-01
-6.979058832638362908e-01 -5.070583047363218521e-01 -4.226917850200682114e-01
-9.201281054860585007e-01 -6.685121998486242001e-01 -4.226917850200682669e-01
-1.099909659791602490e+00 -7.991311448025071318e-01 -2.612378899077659189e-01
-9.665219869627955651e-01 -1.073431414578458032e+00 0.000000000000000000e+00
-9.097252872480716679e-01 -1.010352289074290200e+00 2.612378899077658079e-01
-7.610295969461030596e-01 -8.452089945237579727e-01 4.226917850200682114e-01
-5.772316157716138596e-01 -6.410806564310300715e-01 4.226917850200682669e-01
-4.285359254696452513e-01 -4.759373618804979555e-01 2.612378899077658634e-01
-3.717392257549214096e-01 -4.128582363763300123e-01 5.442874662877125091e-17
-4.285359254696452513e-01 -4.759373618804979555e-01 -2.612378899077657524e-01
-5.772316157716137486e-01 -6.410806564310299605e-01 -4.226917850200682114e-01
-7.610295969461030596e-01 -8.452089945237579727e-01 -4.226917850200682669e-01
-9.097252872480716679e-01 -1.010352289074290200e+00 -2.612378899077659189e-01
-7.222222222222228760e-01 -1.250925583244189010e+00 0.000000000000000000e+00
-6.797815543055444332e-01 -1.177416190105343707e+00 2.612378899077658079e-01
-5.686704431944332727e-01 -9.849661003754683897e-01 4.226917850200682114e-01
-4.313295568055676710e-01 -7.470847071934085815e-01 4.226917850200682669e-01
-3.202184456944563995e-01 -5.546346174635332638e-01 2.612378899077658634e-01
-2.777777777777780122e-01 -4.811252243246880722e-01 5.442874662877125091e-17
-3.202184456944563995e-01 -5.546346174635332638e-01 -2.612378899077657524e-01
-4.313295568055676155e-01 -7.470847071934084704e-01 -4.226917850200682114e-01
-5.686704431944332727e-01 -9.849661003754683897e-01 -4.226917850200682669e-01
-6.797815543055444332e-01 -1.177416190105343707e+00 -2.612378899077659189e-01
-4.463578807638131640e-01 -1.373748301315221854e+00 0.000000000000000000e+00
-4.201281054860587227e-01 -1.293021353759070680e+00 2.612378899077658079e-01
-3.514576622916258941e-01 -1.081675461249036463e+00 4.226917850200682114e-01
-2.665763264582692305e-01 -8.204375713412707105e-01 4.226917850200682669e-01
-1.979058832638364018e-01 -6.090916788312364938e-01 2.612378899077658634e-01
-1.716761079860819883e-01 -5.283647312750853198e-01 5.442874662877125091e-17
-1.979058832638364018e-01 -6.090916788312364938e-01 -2.612378899077657524e-01
-2.665763264582691749e-01 -8.204375713412705995e-01 -4.226917850200682114e-01
-3.514576622916258941e-01 -1.081675461249036463e+00 -4.226917850200682669e-01
-4.201281054860587227e-01 -1.293021353759070680e+00 -2.612378899077659189e-01
-1.509855580532783459e-01 -1.436531626643061443e+00 0.000000000000000000e+00
-1.421130424585118901e-01 -1.352115279648680612e+00 2.612378899077658079e-01
-1.188844950656998273e-01 -1.131110414011286425e+00 4.226917850200682114e-01
-9.017243146960864097e-02 -8.579333767252601550e-01 4.226917850200682669e-01
-6.694388407679657815e-02 -6.369285110878659673e-01 2.612378899077658634e-01
-5.807136848203012930e-02 -5.525121640934851364e-01 5.442874662877125091e-17
-6.694388407679657815e-02 -6.369285110878659673e-01 -2.612378899077657524e-01
-9.017243146960862710e-02 -8.579333767252600440e-01 -4.226917850200682114e-01
-1.188844950656998273e-01 -1.131110414011286425e+00 -4.226917850200682669e-01
-1.421130424585118901e-01 -1.352115279648680612e+00 -2.612378899077659189e-01
1.509855580532765418e-01 -1.436531626643061665e+00 0.000000000000000000e+00
1.421130424585101970e-01 -1.352115279648680835e+00 2.612378899077658079e-01
1.188844950656984117e-01 -1.131110414011286647e+00 4.226917850200682114e-01
9.017243146960755851e-02 -8.579333767252602660e-01 4.226917850200682669e-01
6.694388407679577324e-02 -6.369285110878660783e-01 2.612378899077658634e-01
5.807136848202943541e-02 -5.525121640934852474e-01 5.442874662877125091e-17
6.694388407679577324e-02 -6.369285110878660783e-01 -2.612378899077657524e-01
9.017243146960754463e-02 -8.579333767252601550e-01 -4.226917850200682114e-01
1.188844950656984117e-01 -1.131110414011286647e+00 -4.226917850200682669e-01
1.421130424585101970e-01 -1.352115279648680835e+00 -2.612378899077659189e-01
4.463578807638126644e-01 -1.373748301315221854e+00 0.000000000000000000e+00
4.201281054860582787e-01 -1.293021353759070680e+00 2.612378899077658079e-01
3.514576622916255055e-01 -1.081675461249036463e+00 4.226917850200682114e-01
2.665763264582689529e-01 -8.204375713412708215e-01 4.226917850200682669e-01
1.979058832638361798e-01 -6.090916788312366048e-01 2.612378899077658634e-01
1.716761079860817940e-01 -5.283647312750854308e-01 5.442874662877125091e-17
1.979058832638361798e-01 -6.090916788312366048e-01 -2.612378899077657524e-01
2.665763264582688974e-01 -8.204375713412707105e-01 -4.226917850200682114e-01
3.514576622916255055e-01 -1.081675461249036463e+00 -4.226917850200682669e-01
4.201281054860582787e-01 -1.293021353759070680e+00 -2.612378899077659189e-01
7.222222222222223209e-01 -1.250925583244189010e+00 0.000000000000000000e+00
6.797815543055439891e-01 -1.177416190105343929e+00 2.612378899077658079e-01
5.686704431944328286e-01 -9.849661003754685007e-01 4.226917850200682114e-01
4.313295568055673934e-01 -7.470847071934086925e-01 4.226917850200682669e-01
3.202184456944561775e-01 -5.546346174635333748e-01 2.612378899077658634e-01
2.777777777777778456e-01 -4.811252243246881277e-01 5.442874662877125091e-17
3.202184456944561775e-01 -5.546346174635333748e-01 -2.612378899077657524e-01
4.313295568055673379e-01 -7.470847071934085815e-01 -4.226917850200682114e-01
5.686704431944328286e-01 -9.849661003754685007e-01 -4.226917850200682669e-01
6.797815543055439891e-01 -1.177416190105343929e+00 -2.612378899077659189e-01
9.665219869627955651e-01 -1.073431414578458032e+00 0.000000000000000000e+00
9.097252872480716679e-01 -1.010352289074290200e+00 2.612378899077658079e-01
7.610295969461030596e-01 -8.452089945237579727e-01 4.226917850200682114e-01
5.772316157716138596e-01 -6.410806564310300715e-01 4.226917850200682669e-01
4.285359254696452513e-01 -4.759373618804979555e-01 2.612378899077658634e-01
3.717392257549214096e-01 -4.128582363763300123e-01 5.442874662877125091e-17
4.285359254696452513e-01 -4.759373618804979555e-01 -2.612378899077657524e-01
5.772316157716137486e-01 -6.410806564310299605e-01 -4.226917850200682114e-01
7.610295969461030596e-01 -8.452089945237579727e-01 -4.226917850200682669e-01
9.097252872480716679e-01 -1.010352289074290200e+00 -2.612378899077659189e-01
1.168580102986034985e+00 -8.490231422002393336e-01 0.000000000000000000e+00
1.099909659791602268e+00 -7.991311448025075759e-01 2.612378899077658079e-01
9.201281054860583897e-01 -6.685121998486245332e-01 4.226917850200682114e-01
6.979058832638362908e-01 -5.070583047363221851e-01 4.226917850200682669e-01
5.181243289582924128e-01 -3.764393597824391424e-01 2.612378899077658634e-01
4.494538857638596396e-01 -3.265473623847074403e-01 5.442874662877125091e-17
5.181243289582924128e-01 -3.764393597824391424e-01 -2.612378899077657524e-01
6.979058832638361798e-01 -5.070583047363220741e-01 -4.226917850200682114e-01
9.201281054860583897e-01 -6.685121998486245332e-01 -4.226917850200682669e-01
1.099909659791602268e+00 -7.991311448025075759e-01 -2.612378899077659189e-01
1.319565661039312499e+00 -5.875084844428224429e-01 0.000000000000000000e+00
1.242022702250113353e+00 -5.529841348461733697e-01 2.612378899077658079e-01
1.039012600551757481e+00 -4.625982141626621136e-01 4.226917850200682114e-01
7.880783147334444738e-01 -3.508750719889381919e-01 4.226917850200682669e-01
5.850682130350886023e-01 -2.604891513054269914e-01 2.612378899077658634e-01
5.075252542458894567e-01 -2.259648017087778626e-01 5.442874662877125091e-17
5.850682130350886023e-01 -2.604891513054269914e-01 -2.612378899077657524e-01
7.880783147334443628e-01 -3.508750719889381364e-01 -4.226917850200682114e-01
1.039012600551757481e+00 -4.625982141626621136e-01 -4.226917850200682669e-01
1.242022702250113353e+00 -5.529841348461733697e-01 -2.612378899077659189e-01
1.412879867726608119e+00 -3.003168867367629891e-01 0.000000000000000000e+00
1.329853392734130058e+00 -2.826690646847797583e-01 2.612378899077658079e-01
1.112487259237728621e+00 -2.364664667252777408e-01 4.226917850200682114e-01
8.438079422298827570e-01 -1.793569149102402227e-01 4.226917850200682669e-01
6.264418087334814311e-01 -1.331543169507382052e-01 2.612378899077658634e-01
5.434153337410031481e-01 -1.155064948987549883e-01 5.442874662877125091e-17
6.264418087334814311e-01 -1.331543169507382052e-01 -2.612378899077657524e-01
8.438079422298826460e-01 -1.793569149102401949e-01 -4.226917850200682114e-01
1.112487259237728621e+00 -2.364664667252777408e-01 -4.226917850200682669e-01
1.329853392734130058e+00 -2.826690646847797583e-01 -2.612378899077659189e-01
1.414898130563030154e+00 1.487117859916625151e-01 1.373408863888654907e-01
1.254328696781352948e+00 1.318352584469966726e-01 3.595631086110877561e-01
9.945218953682732899e-01 1.045284632676534570e-01 4.444444444444444198e-01
7.347150939551937432e-01 7.722166808831026907e-02 3.595631086110877561e-01
5.741456601735163146e-01 6.034514054364438496e-02 1.373408863888655462e-01
5.741456601735163146e-01 6.034514054364438496e-02 -1.373408863888654630e-01
7.347150939551936322e-01 7.722166808831025520e-02 -3.595631086110877006e-01
9.945218953682731788e-01 1.045284632676534431e-01 -4.444444444444444198e-01
1.254328696781352726e+00 1.318352584469966449e-01 -3.595631086110878116e-01
1.414898130563030154e+00 1.487117859916625151e-01 -1.373408863888656017e-01
1.353060292822919619e+00 4.396359393288302719e-01 1.373408863888654907e-01
1.199508513795130238e+00 3.897439419310986253e-01 3.595631086110877561e-01
9.510565162951535312e-01 3.090169943749473958e-01 4.444444444444444198e-01
7.026045187951769355e-01 2.282900468187962217e-01 3.595631086110877561e-01
5.490527397673874432e-01 1.783980494210644918e-01 1.373408863888655462e-01
5.490527397673874432e-01 1.783980494210644918e-01 -1.373408863888654630e-01
7.026045187951769355e-01 2.282900468187961940e-01 -3.595631086110877006e-01
9.510565162951534202e-01 3.090169943749473402e-01 -4.444444444444444198e-01
1.199508513795130016e+00 3.897439419310985143e-01 -3.595631086110878116e-01
1.353060292822919619e+00 4.396359393288302719e-01 -1.373408863888656017e-01
1.232087227582808531e+00 7.113458925100339947e-01 1.373408863888654907e-01
1.092264052875606462e+00 6.306189449538828207e-01 3.595631086110877561e-01
8.660254037844387076e-01 4.999999999999999445e-01 4.444444444444444198e-01
6.397867546932711758e-01 3.693810550461170683e-01 3.595631086110877561e-01
4.999635799860689955e-01 2.886541074899658388e-01 1.373408863888655462e-01
4.999635799860689955e-01 2.886541074899658388e-01 -1.373408863888654630e-01
6.397867546932710647e-01 3.693810550461170128e-01 -3.595631086110877006e-01
8.660254037844385966e-01 4.999999999999998890e-01 -4.444444444444444198e-01
1.092264052875606239e+00 6.306189449538827096e-01 -3.595631086110878116e-01
1.232087227582808531e+00 7.113458925100339947e-01 -1.373408863888656017e-01
1.057266038286861054e+00 9.519666167722445893e-01 1.373408863888654907e-01
9.372824115809836876e-01 8.439328740367502135e-01 3.595631086110877561e-01
7.431448254773942441e-01 6.691306063588582376e-01 4.444444444444444198e-01
5.490072393738049117e-01 4.943283386809662616e-01 3.595631086110877561e-01
4.290236126679273787e-01 3.862945959454718303e-01 1.373408863888655462e-01
4.290236126679273787e-01 3.862945959454718303e-01 -1.373408863888654630e-01
5.490072393738048007e-01 4.943283386809662061e-01 -3.595631086110877006e-01
7.431448254773941331e-01 6.691306063588581265e-01 -4.444444444444444198e-01
9.372824115809834655e-01 8.439328740367501025e-01 -3.595631086110878116e-01
1.057266038286861054e+00 9.519666167722445893e-01 -1.373408863888656017e-01
8.362372497924497328e-01 1.150981831838864489e+00 1.373408863888654907e-01
7.413370313202626294e-01 1.020362886884981668e+00 3.595631086110877561e-01
5.877852522924731371e-01 8.090169943749474513e-01 4.444444444444444198e-01
4.342334732646837003e-01 5.976711018649133456e-01 3.595631086110877561e-01
3.393332547924965414e-01 4.670521569110304139e-01 1.373408863888655462e-01
3.393332547924965414e-01 4.670521569110304139e-01 -1.373408863888654630e-01
4.342334732646836448e-01 5.976711018649133456e-01 -3.595631086110877006e-01
5.877852522924730261e-01 8.090169943749473402e-01 -4.444444444444444198e-01
7.413370313202625184e-01 1.020362886884981446e+00 -3.595631086110878116e-01
8.362372497924497328e-01 1.150981831838864489e+00 -1.373408863888656017e-01
5.786608807705807545e-01 1.299693617830526948e+00 1.373408863888654907e-01
5.129916654610905402e-01 1.152198145331978285e+00 3.595631086110877561e-01
4.067366430758003748e-01 9.135454576426008666e-01 4.444444444444444198e-01
3.004816206905102094e-01 6.748927699532236701e-01 3.595631086110877561e-01
2.348124053810199396e-01 5.273972974546747849e-01 1.373408863888655462e-01
2.348124053810199396e-01 5.273972974546747849e-01 -1.373408863888654630e-01
3.004816206905101539e-01 6.748927699532235591e-01 -3.595631086110877006e-01
4.067366430758003193e-01 9.135454576426007556e-01 -4.444444444444444198e-01
5.129916654610904292e-01 1.152198145331978063e+00 -3.595631086110878116e-01
5.786608807705807545e-01 1.299693617830526948e+00 -1.373408863888656017e-01
2.957942545360587316e-01 1.391602556101074750e+00 1.373408863888654907e-01
2.622261022141467723e-01 1.233676815967848839e+00 3.595631086110877561e-01
2.079116908177594536e-01 9.781476007338055778e-01 4.444444444444444198e-01
1.535972794213721904e-01 7.226183854997624278e-01 3.595631086110877561e-01
1.200291270994601894e-01 5.646926453665362944e-01 1.373408863888655462e-01
1.200291270994601894e-01 5.646926453665362944e-01 -1.373408863888654630e-01
1.535972794213721626e-01 7.226183854997623168e-01 -3.595631086110877006e-01
2.079116908177594258e-01 9.781476007338054668e-01 -4.444444444444444198e-01
2.622261022141467168e-01 1.233676815967848617e+00 -3.595631086110878116e-01
2.957942545360587316e-01 1.391602556101074750e+00 -1.373408863888656017e-01
8.711474703490304992e-17 1.422691785020068211e+00 1.373408863888654907e-01
7.722854724194537015e-17 1.261237889907765863e+00 3.595631086110877561e-01
6.123233995736766036e-17 1.000000000000000000e+00 4.444444444444444198e-01
4.523613267278996290e-17 7.387621100922342476e-01 3.595631086110877561e-01
3.534993287983227696e-17 5.773082149799317886e-01 1.373408863888655462e-01
3.534993287983227696e-17 5.773082149799317886e-01 -1.373408863888654630e-01
4.523613267278995673e-17 7.387621100922341366e-01 -3.595631086110877006e-01
6.123233995736764803e-17 9.999999999999998890e-01 -4.444444444444444198e-01
7.722854724194535782e-17 1.261237889907765641e+00 -3.595631086110878116e-01
8.711474703490304992e-17 1.422691785020068211e+00 -1.373408863888656017e-01
-2.957942545360582320e-01 1.391602556101074972e+00 1.373408863888654907e-01
-2.622261022141463283e-01 1.233676815967848839e+00 3.595631086110877561e-01
-2.079116908177591205e-01 9.781476007338056888e-01 4.444444444444444198e-01
-1.535972794213719406e-01 7.226183854997625389e-01 3.595631086110877561e-01
-1.200291270994599951e-01 5.646926453665364054e-01 1.373408863888655462e-01
-1.200291270994599951e-01 5.646926453665364054e-01 -1.373408863888654630e-01
-1.535972794213719128e-01 7.226183854997624278e-01 -3.595631086110877006e-01
-2.079116908177590928e-01 9.781476007338055778e-01 -4.444444444444444198e-01
-2.622261022141462727e-01 1.233676815967848617e+00 -3.595631086110878116e-01
-2.957942545360582320e-01 1.391602556101074972e+00 -1.373408863888656017e-01
-5.786608807705804214e-01 1.299693617830527170e+00 1.373408863888654907e-01
-5.129916654610902071e-01 1.152198145331978285e+00 3.595631086110877561e-01
-4.067366430758000972e-01 9.135454576426009776e-01 4.444444444444444198e-01
-3.004816206905100429e-01 6.748927699532236701e-01 3.595631086110877561e-01
-2.348124053810197731e-01 5.273972974546748960e-01 1.373408863888655462e-01
-2.348124053810197731e-01 5.273972974546748960e-01 -1.373408863888654630e-01
-3.004816206905099873e-01 6.748927699532235591e-01 -3.595631086110877006e-01
-4.067366430758000417e-01 9.135454576426008666e-01 -4.444444444444444198e-01
-5.129916654610900961e-01 1.152198145331978063e+00 -3.595631086110878116e-01
-5.786608807705804214e-01 1.299693617830527170e+00 -1.373408863888656017e-01
-8.362372497924496217e-01 1.150981831838864489e+00 1.373408863888654907e-01
-7.413370313202625184e-01 1.020362886884981668e+00 3.595631086110877561e-01
-5.877852522924730261e-01 8.090169943749474513e-01 4.444444444444444198e-01
-4.342334732646836448e-01 5.976711018649133456e-01 3.595631086110877561e-01
-3.393332547924964859e-01 4.670521569110304139e-01 1.373408863888655462e-01
-3.393332547924964859e-01 4.670521569110304139e-01 -1.373408863888654630e-01
-4.342334732646835893e-01 5.976711018649133456e-01 -3.595631086110877006e-01
-5.877852522924729151e-01 8.090169943749473402e-01 -4.444444444444444198e-01
-7.413370313202622963e-01 1.020362886884981446e+00 -3.595631086110878116e-01
-8.362372497924496217e-01 1.150981831838864489e+00 -1.373408863888656017e-01
-1.057266038286860832e+00 9.519666167722448114e-01 1.373408863888654907e-01
-9.372824115809834655e-01 8.439328740367504356e-01 3.595631086110877561e-01
-7.431448254773941331e-01 6.691306063588583486e-01 4.444444444444444198e-01
-5.490072393738048007e-01 4.943283386809663726e-01 3.595631086110877561e-01
-4.290236126679273232e-01 3.862945959454718858e-01 1.373408863888655462e-01
-4.290236126679273232e-01 3.862945959454718858e-01 -1.373408863888654630e-01
-5.490072393738048007e-01 4.943283386809663171e-01 -3.595631086110877006e-01
-7.431448254773940221e-01 6.691306063588582376e-01 -4.444444444444444198e-01
-9.372824115809833545e-01 8.439328740367502135e-01 -3.595631086110878116e-01
-1.057266038286860832e+00 9.519666167722448114e-01 -1.373408863888656017e-01
-1.232087227582808531e+00 7.113458925100339947e-01 1.373408863888654907e-01
-1.092264052875606462e+00 6.306189449538828207e-01 3.595631086110877561e-01
-8.660254037844387076e-01 4.999999999999999445e-01 4.444444444444444198e-01
-6.397867546932711758e-01 3.693810550461170683e-01 3.595631086110877561e-01
-4.999635799860689955e-01 2.886541074899658388e-01 1.373408863888655462e-01
-4.999635799860689955e-01 2.886541074899658388e-01 -1.373408863888654630e-01
-6.397867546932710647e-01 3.693810550461170128e-01 -3.595631086110877006e-01
-8.660254037844385966e-01 4.999999999999998890e-01 -4.444444444444444198e-01
-1.092264052875606239e+00 6.306189449538827096e-01 -3.595631086110878116e-01
-1.232087227582808531e+00 7.113458925100339947e-01 -1.373408863888656017e-01
-1.353060292822919619e+00 4.396359393288298834e-01 1.373408863888654907e-01
-1.199508513795130238e+00 3.897439419310982367e-01 3.595631086110877561e-01
-9.510565162951536422e-01 3.090169943749471182e-01 4.444444444444444198e-01
-7.026045187951770465e-01 2.282900468187960275e-01 3.595631086110877561e-01
-5.490527397673875543e-01 1.783980494210643530e-01 1.373408863888655462e-01
-5.490527397673875543e-01 1.783980494210643530e-01 -1.373408863888654630e-01
-7.026045187951769355e-01 2.282900468187959719e-01 -3.595631086110877006e-01
-9.510565162951535312e-01 3.090169943749470627e-01 -4.444444444444444198e-01
-1.199508513795130016e+00 3.897439419310981812e-01 -3.595631086110878116e-01
-1.353060292822919619e+00 4.396359393288298834e-01 -1.373408863888656017e-01
-1.414898130563030376e+00 1.487117859916622931e-01 1.373408863888654907e-01
-1.254328696781352948e+00 1.318352584469964506e-01 3.595631086110877561e-01
-9.945218953682734009e-01 1.045284632676532904e-01 4.444444444444444198e-01
-7.347150939551938542e-01 7.722166808831014417e-02 3.595631086110877561e-01
-5.741456601735164256e-01 6.034514054364428781e-02 1.373408863888655462e-01
-5.741456601735164256e-01 6.034514054364428781e-02 -1.373408863888654630e-01
-7.347150939551937432e-01 7.722166808831013030e-02 -3.595631086110877006e-01
-9.945218953682732899e-01 1.045284632676532766e-01 -4.444444444444444198e-01
-1.254328696781352726e+00 1.318352584469964228e-01 -3.595631086110878116e-01
-1.414898130563030376e+00 1.487117859916622931e-01 -1.373408863888656017e-01
-1.414898130563030376e+00 -1.487117859916619600e-01 1.373408863888654907e-01
-1.254328696781352948e+00 -1.318352584469961453e-01 3.595631086110877561e-01
-9.945218953682734009e-01 -1.045284632676530545e-01 4.444444444444444198e-01
-7.347150939551938542e-01 -7.722166808830996376e-02 3.595631086110877561e-01
-5.741456601735164256e-01 -6.034514054364415597e-02 1.373408863888655462e-01
-5.741456601735164256e-01 -6.034514054364415597e-02 -1.373408863888654630e-01
-7.347150939551937432e-01 -7.722166808830996376e-02 -3.595631086110877006e-01
-9.945218953682732899e-01 -1.045284632676530406e-01 -4.444444444444444198e-01
-1.254328696781352726e+00 -1.318352584469961175e-01 -3.595631086110878116e-01
-1.414898130563030376e+00 -1.487117859916619600e-01 -1.373408863888656017e-01
-1.353060292822919619e+00 -4.396359393288301054e-01 1.373408863888654907e-01
-1.199508513795130238e+00 -3.897439419310984587e-01 3.595631086110877561e-01
-9.510565162951536422e-01 -3.090169943749472847e-01 4.444444444444444198e-01
-7.026045187951770465e-01 -2.282900468187961385e-01 3.595631086110877561e-01
-5.490527397673875543e-01 -1.783980494210644363e-01 1.373408863888655462e-01
-5.490527397673875543e-01 -1.783980494210644363e-01 -1.373408863888654630e-01
-7.026045187951769355e-01 -2.282900468187961107e-01 -3.595631086110877006e-01
-9.510565162951535312e-01 -3.090169943749472292e-01 -4.444444444444444198e-01
-1.199508513795130016e+00 -3.897439419310984032e-01 -3.595631086110878116e-01
-1.353060292822919619e+00 -4.396359393288301054e-01 -1.373408863888656017e-01
-1.232087227582808309e+00 -7.113458925100342167e-01 1.373408863888654907e-01
-1.092264052875606239e+00 -6.306189449538830427e-01 3.595631086110877561e-01
-8.660254037844385966e-01 -5.000000000000001110e-01 4.444444444444444198e-01
-6.397867546932710647e-01 -3.693810550461171793e-01 3.595631086110877561e-01
-4.999635799860688845e-01 -2.886541074899659498e-01 1.373408863888655462e-01
-4.999635799860688845e-01 -2.886541074899659498e-01 -1.373408863888654630e-01
-6.397867546932709537e-01 -3.693810550461171238e-01 -3.595631086110877006e-01
-8.660254037844384856e-01 -5.000000000000000000e-01 -4.444444444444444198e-01
-1.092264052875606017e+00 -6.306189449538829317e-01 -3.595631086110878116e-01
-1.232087227582808309e+00 -7.113458925100342167e-01 -1.373408863888656017e-01
-1.057266038286861054e+00 -9.519666167722445893e-01 1.373408863888654907e-01
-9.372824115809836876e-01 -8.439328740367502135e-01 3.595631086110877561e-01
-7.431448254773942441e-01 -6.691306063588582376e-01 4.444444444444444198e-01
-5.490072393738049117e-01 -4.943283386809662616e-01 3.595631086110877561e-01
-4.290236126679273787e-01 -3.862945959454718303e-01 1.373408863888655462e-01
-4.290236126679273787e-01 -3.862945959454718303e-01 -1.373408863888654630e-01
-5.490072393738048007e-01 -4.943283386809662061e-01 -3.595631086110877006e-01
-7.431448254773941331e-01 -6.691306063588581265e-01 -4.444444444444444198e-01
-9.372824115809834655e-01 -8.439328740367501025e-01 -3.595631086110878116e-01
-1.057266038286861054e+00 -9.519666167722445893e-01 -1.373408863888656017e-01
-8.362372497924499548e-01 -1.150981831838864267e+00 1.373408863888654907e-01
-7.413370313202627404e-01 -1.020362886884981446e+00 3.595631086110877561e-01
-5.877852522924732481e-01 -8.090169943749473402e-01 4.444444444444444198e-01
-4.342334732646838114e-01 -5.976711018649133456e-01 3.595631086110877561e-01
-3.393332547924965970e-01 -4.670521569110303584e-01 1.373408863888655462e-01
-3.393332547924965970e-01 -4.670521569110303584e-01 -1.373408863888654630e-01
-4.342334732646837558e-01 -5.976711018649132345e-01 -3.595631086110877006e-01
-5.877852522924731371e-01 -8.090169943749472292e-01 -4.444444444444444198e-01
-7.413370313202626294e-01 -1.020362886884981224e+00 -3.595631086110878116e-01
-8.362372497924499548e-01 -1.150981831838864267e+00 -1.373408863888656017e-01
-5.786608807705816426e-01 -1.299693617830526504e+00 1.373408863888654907e-01
-5.129916654610913174e-01 -1.152198145331977841e+00 3.595631086110877561e-01
-4.067366430758009299e-01 -9.135454576426005335e-01 4.444444444444444198e-01
-3.004816206905106535e-01 -6.748927699532233371e-01 3.595631086110877561e-01
-2.348124053810202727e-01 -5.273972974546745629e-01 1.373408863888655462e-01
-2.348124053810202727e-01 -5.273972974546745629e-01 -1.373408863888654630e-01
-3.004816206905105980e-01 -6.748927699532232261e-01 -3.595631086110877006e-01
-4.067366430758008744e-01 -9.135454576426004225e-01 -4.444444444444444198e-01
-5.129916654610912063e-01 -1.152198145331977619e+00 -3.595631086110878116e-01
-5.786608807705816426e-01 -1.299693617830526504e+00 -1.373408863888656017e-01
-2.957942545360591757e-01 -1.391602556101074750e+00 1.373408863888654907e-01
-2.622261022141471609e-01 -1.233676815967848839e+00 3.595631086110877561e-01
-2.079116908177597867e-01 -9.781476007338055778e-01 4.444444444444444198e-01
-1.535972794213724124e-01 -7.226183854997624278e-01 3.595631086110877561e-01
-1.200291270994603837e-01 -5.646926453665362944e-01 1.373408863888655462e-01
-1.200291270994603837e-01 -5.646926453665362944e-01 -1.373408863888654630e-01
-1.535972794213724124e-01 -7.226183854997623168e-01 -3.595631086110877006e-01
-2.079116908177597589e-01 -9.781476007338054668e-01 -4.444444444444444198e-01
-2.622261022141471054e-01 -1.233676815967848617e+00 -3.595631086110878116e-01
-2.957942545360591757e-01 -1.391602556101074750e+00 -1.373408863888656017e-01
-1.524948382444183510e-15 -1.422691785020068211e+00 1.373408863888654907e-01
-1.351889917650035998e-15 -1.261237889907765863e+00 3.595631086110877561e-01
-1.071875439572228152e-15 -1.000000000000000000e+00 4.444444444444444198e-01
-7.918609614944204039e-16 -7.387621100922342476e-01 3.595631086110877561e-01
-6.188024967002727933e-16 -5.773082149799317886e-01 1.373408863888655462e-01
-6.188024967002727933e-16 -5.773082149799317886e-01 -1.373408863888654630e-01
-7.918609614944203053e-16 -7.387621100922341366e-01 -3.595631086110877006e-01
-1.071875439572227955e-15 -9.999999999999998890e-01 -4.444444444444444198e-01
-1.351889917650035801e-15 -1.261237889907765641e+00 -3.595631086110878116e-01
-1.524948382444183510e-15 -1.422691785020068211e+00 -1.373408863888656017e-01
2.957942545360574549e-01 -1.391602556101075194e+00 1.373408863888654907e-01
2.622261022141456066e-01 -1.233676815967849061e+00 3.595631086110877561e-01
2.079116908177585654e-01 -9.781476007338057999e-01 4.444444444444444198e-01
1.535972794213715242e-01 -7.226183854997626499e-01 3.595631086110877561e-01
1.200291270994596760e-01 -5.646926453665364054e-01 1.373408863888655462e-01
1.200291270994596760e-01 -5.646926453665364054e-01 -1.373408863888654630e-01
1.535972794213714965e-01 -7.226183854997625389e-01 -3.595631086110877006e-01
2.079116908177585377e-01 -9.781476007338056888e-01 -4.444444444444444198e-01
2.622261022141456066e-01 -1.233676815967848839e+00 -3.595631086110878116e-01
2.957942545360574549e-01 -1.391602556101075194e+00 -1.373408863888656017e-01
5.786608807705799773e-01 -1.299693617830527170e+00 1.373408863888654907e-01
5.129916654610897631e-01 -1.152198145331978507e+00 3.595631086110877561e-01
4.067366430757997642e-01 -9.135454576426010886e-01 4.444444444444444198e-01
3.004816206905097653e-01 -6.748927699532237812e-01 3.595631086110877561e-01
2.348124053810196066e-01 -5.273972974546748960e-01 1.373408863888655462e-01
2.348124053810196066e-01 -5.273972974546748960e-01 -1.373408863888654630e-01
3.004816206905097098e-01 -6.748927699532236701e-01 -3.595631086110877006e-01
4.067366430757997087e-01 -9.135454576426009776e-01 -4.444444444444444198e-01
5.129916654610897631e-01 -1.152198145331978285e+00 -3.595631086110878116e-01
5.786608807705799773e-01 -1.299693617830527170e+00 -1.373408863888656017e-01
8.362372497924493997e-01 -1.150981831838864711e+00 1.373408863888654907e-01
7.413370313202622963e-01 -1.020362886884981668e+00 3.595631086110877561e-01
5.877852522924729151e-01 -8.090169943749475623e-01 4.444444444444444198e-01
4.342334732646835338e-01 -5.976711018649134566e-01 3.595631086110877561e-01
3.393332547924963749e-01 -4.670521569110304694e-01 1.373408863888655462e-01
3.393332547924963749e-01 -4.670521569110304694e-01 -1.373408863888654630e-01
4.342334732646834783e-01 -5.976711018649133456e-01 -3.595631086110877006e-01
5.877852522924728040e-01 -8.090169943749474513e-01 -4.444444444444444198e-01
7.413370313202621853e-01 -1.020362886884981668e+00 -3.595631086110878116e-01
8.362372497924493997e-01 -1.150981831838864711e+00 -1.373408863888656017e-01
1.057266038286861054e+00 -9.519666167722444783e-01 1.373408863888654907e-01
9.372824115809836876e-01 -8.439328740367501025e-01 3.595631086110877561e-01
7.431448254773942441e-01 -6.691306063588581265e-01 4.444444444444444198e-01
5.490072393738049117e-01 -4.943283386809662061e-01 3.595631086110877561e-01
4.290236126679273787e-01 -3.862945959454717748e-01 1.373408863888655462e-01
4.290236126679273787e-01 -3.862945959454717748e-01 -1.373408863888654630e-01
5.490072393738048007e-01 -4.943283386809661506e-01 -3.595631086110877006e-01
7.431448254773941331e-01 -6.691306063588580155e-01 -4.444444444444444198e-01
9.372824115809834655e-01 -8.439328740367499915e-01 -3.595631086110878116e-01
1.057266038286861054e+00 -9.519666167722444783e-01 -1.373408863888656017e-01
1.232087227582807865e+00 -7.113458925100347718e-01 1.373408863888654907e-01
1.092264052875606017e+00 -6.306189449538834868e-01 3.595631086110877561e-01
8.660254037844383745e-01 -5.000000000000004441e-01 4.444444444444444198e-01
6.397867546932708427e-01 -3.693810550461174569e-01 3.595631086110877561e-01
4.999635799860687735e-01 -2.886541074899661719e-01 1.373408863888655462e-01
4.999635799860687735e-01 -2.886541074899661719e-01 -1.373408863888654630e-01
6.397867546932707317e-01 -3.693810550461174014e-01 -3.595631086110877006e-01
8.660254037844382635e-01 -5.000000000000003331e-01 -4.444444444444444198e-01
1.092264052875605795e+00 -6.306189449538833758e-01 -3.595631086110878116e-01
1.232087227582807865e+00 -7.113458925100347718e-01 -1.373408863888656017e-01
1.353060292822919619e+00 -4.396359393288306050e-01 1.373408863888654907e-01
1.199508513795130238e+00 -3.897439419310989028e-01 3.595631086110877561e-01
9.510565162951535312e-01 -3.090169943749476178e-01 4.444444444444444198e-01
7.026045187951769355e-01 -2.282900468187963883e-01 3.595631086110877561e-01
5.490527397673874432e-01 -1.783980494210646306e-01 1.373408863888655462e-01
5.490527397673874432e-01 -1.783980494210646306e-01 -1.373408863888654630e-01
7.026045187951769355e-01 -2.282900468187963605e-01 -3.595631086110877006e-01
9.510565162951534202e-01 -3.090169943749475623e-01 -4.444444444444444198e-01
1.199508513795130016e+00 -3.897439419310987918e-01 -3.595631086110878116e-01
1.353060292822919619e+00 -4.396359393288306050e-01 -1.373408863888656017e-01
1.414898130563030154e+00 -1.487117859916624596e-01 1.373408863888654907e-01
1.254328696781352948e+00 -1.318352584469966171e-01 3.595631086110877561e-01
9.945218953682732899e-01 -1.045284632676534153e-01 4.444444444444444198e-01
7.347150939551937432e-01 -7.722166808831024132e-02 3.595631086110877561e-01
5.741456601735163146e-01 -6.034514054364436414e-02 1.373408863888655462e-01
5.741456601735163146e-01 -6.034514054364436414e-02 -1.373408863888654630e-01
7.347150939551936322e-01 -7.722166808831022744e-02 -3.595631086110877006e-01
9.945218953682731788e-01 -1.045284632676534015e-01 -4.444444444444444198e-01
1.254328696781352726e+00 -1.318352584469965894e-01 -3.595631086110878116e-01
1.414898130563030154e+00 -1.487117859916624596e-01 -1.373408863888656017e-01
0.000000000000000000e+00 1.000000000000000000e+00 1.444444444444444420e+00
2.612378899077658079e-01 1.000000000000000000e+00 1.359563108611087756e+00
4.226917850200682114e-01 1.000000000000000000e+00 1.137340886388865435e+00
4.226917850200682669e-01 1.000000000000000000e+00 8.626591136111345648e-01
2.612378899077658634e-01 1.000000000000000000e+00 6.404368913889122439e-01
5.442874662877125091e-17 1.000000000000000000e+00 5.555555555555555802e-01
-2.612378899077657524e-01 1.000000000000000000e+00 6.404368913889122439e-01
-4.226917850200682114e-01 1.000000000000000000e+00 8.626591136111344538e-01
-4.226917850200682669e-01 1.000000000000000000e+00 1.137340886388865435e+00
-2.612378899077659189e-01 1.000000000000000000e+00 1.359563108611087756e+00
0.000000000000000000e+00 1.300316886736763378e+00 1.412879867726608119e+00
2.612378899077658079e-01 1.282669064684780258e+00 1.329853392734130058e+00
4.226917850200682114e-01 1.236466466725278046e+00 1.112487259237728621e+00
4.226917850200682669e-01 1.179356914910240528e+00 8.438079422298827570e-01
2.612378899077658634e-01 1.133154316950738316e+00 6.264418087334814311e-01
5.442874662877125091e-17 1.115506494898755196e+00 5.434153337410031481e-01
-2.612378899077657524e-01 1.133154316950738316e+00 6.264418087334814311e-01
-4.226917850200682114e-01 1.179356914910240528e+00 8.438079422298826460e-01
-4.226917850200682669e-01 1.236466466725278046e+00 1.112487259237728621e+00
-2.612378899077659189e-01 1.282669064684780258e+00 1.329853392734130058e+00
0.000000000000000000e+00 1.587508484442822443e+00 1.319565661039312277e+00
2.612378899077658079e-01 1.552984134846173259e+00 1.242022702250113131e+00
4.226917850200682114e-01 1.462598214162662114e+00 1.039012600551757481e+00
4.226917850200682669e-01 1.350875071988938192e+00 7.880783147334443628e-01
2.612378899077658634e-01 1.260489151305427047e+00 5.850682130350884913e-01
5.442874662877125091e-17 1.225964801708777863e+00 5.075252542458893457e-01
-2.612378899077657524e-01 1.260489151305427047e+00 5.850682130350884913e-01
-4.226917850200682114e-01 1.350875071988938192e+00 7.880783147334442518e-01
-4.226917850200682669e-01 1.462598214162662114e+00 1.039012600551757481e+00
-2.612378899077659189e-01 1.552984134846173259e+00 1.242022702250113131e+00
0.000000000000000000e+00 1.849023142200239000e+00 1.168580102986035207e+00
2.612378899077658079e-01 1.799131144802507354e+00 1.099909659791602490e+00
4.226917850200682114e-01 1.668512199848624311e+00 9.201281054860585007e-01
4.226917850200682669e-01 1.507058304736321963e+00 6.979058832638364018e-01
2.612378899077658634e-01 1.376439359782438920e+00 5.181243289582924128e-01
5.442874662877125091e-17 1.326547362384707274e+00 4.494538857638596951e-01
-2.612378899077657524e-01 1.376439359782438920e+00 5.181243289582924128e-01
-4.226917850200682114e-01 1.507058304736321963e+00 6.979058832638362908e-01
-4.226917850200682669e-01 1.668512199848624311e+00 9.201281054860585007e-01
-2.612378899077659189e-01 1.799131144802507354e+00 1.099909659791602490e+00
0.000000000000000000e+00 2.073431414578458032e+00 9.665219869627952320e-01
2.612378899077658079e-01 2.010352289074290422e+00 9.097252872480713348e-01
4.226917850200682114e-01 1.845208994523758417e+00 7.610295969461028376e-01
4.226917850200682669e-01 1.641080656431030071e+00 5.772316157716136376e-01
2.612378899077658634e-01 1.475937361880498067e+00 4.285359254696450848e-01
5.442874662877125091e-17 1.412858236376330234e+00 3.717392257549212431e-01
-2.612378899077657524e-01 1.475937361880498067e+00 4.285359254696450848e-01
-4.226917850200682114e-01 1.641080656431030071e+00 5.772316157716135265e-01
-4.226917850200682669e-01 1.845208994523758417e+00 7.610295969461028376e-01
-2.612378899077659189e-01 2.010352289074290422e+00 9.097252872480713348e-01
0.000000000000000000e+00 2.250925583244189010e+00 7.222222222222223209e-01
2.612378899077658079e-01 2.177416190105343929e+00 6.797815543055439891e-01
4.226917850200682114e-01 1.984966100375468390e+00 5.686704431944328286e-01
4.226917850200682669e-01 1.747084707193408804e+00 4.313295568055673934e-01
2.612378899077658634e-01 1.554634617463533264e+00 3.202184456944561775e-01
5.442874662877125091e-17 1.481125224324688183e+00 2.777777777777778456e-01
-2.612378899077657524e-01 1.554634617463533264e+00 3.202184456944561775e-01
-4.226917850200682114e-01 1.747084707193408581e+00 4.313295568055673379e-01
-4.226917850200682669e-01 1.984966100375468390e+00 5.686704431944328286e-01
-2.612378899077659189e-01 2.177416190105343929e+00 6.797815543055439891e-01
0.000000000000000000e+00 2.373748301315221632e+00 4.463578807638129975e-01
2.612378899077658079e-01 2.293021353759070458e+00 4.201281054860585562e-01
4.226917850200682114e-01 2.081675461249036463e+00 3.514576622916257831e-01
4.226917850200682669e-01 1.820437571341270822e+00 2.665763264582691194e-01
2.612378899077658634e-01 1.609091678831236383e+00 1.979058832638363186e-01
5.442874662877125091e-17 1.528364731275085209e+00 1.716761079860819328e-01
-2.612378899077657524e-01 1.609091678831236383e+00 1.979058832638363186e-01
-4.226917850200682114e-01 1.820437571341270599e+00 2.665763264582690639e-01
-4.226917850200682669e-01 2.081675461249036463e+00 3.514576622916257831e-01
-2.612378899077659189e-01 2.293021353759070458e+00 4.201281054860585562e-01
0.000000000000000000e+00 2.436531626643061443e+00 1.509855580532772079e-01
2.612378899077658079e-01 2.352115279648680612e+00 1.421130424585108354e-01
4.226917850200682114e-01 2.131110414011286203e+00 1.188844950656989391e-01
4.226917850200682669e-01 1.857933376725260155e+00 9.017243146960797484e-02
2.612378899077658634e-01 1.636928511087865967e+00 6.694388407679607855e-02
5.442874662877125091e-17 1.552512164093485136e+00 5.807136848202969909e-02
-2.612378899077657524e-01 1.636928511087865967e+00 6.694388407679607855e-02
-4.226917850200682114e-01 1.857933376725259933e+00 9.017243146960796096e-02
-4.226917850200682669e-01 2.131110414011286203e+00 1.188844950656989391e-01
-2.612378899077659189e-01 2.352115279648680612e+00 1.421130424585108354e-01
0.000000000000000000e+00 2.436531626643061443e+00 -1.509855580532770414e-01
2.612378899077658079e-01 2.352115279648680612e+00 -1.421130424585106689e-01
4.226917850200682114e-01 2.131110414011286647e+00 -1.188844950656988003e-01
4.226917850200682669e-01 1.857933376725260377e+00 -9.017243146960786382e-02
2.612378899077658634e-01 1.636928511087865967e+00 -6.694388407679599529e-02
5.442874662877125091e-17 1.552512164093485136e+00 -5.807136848202962970e-02
-2.612378899077657524e-01 1.636928511087865967e+00 -6.694388407679599529e-02
-4.226917850200682114e-01 1.857933376725260155e+00 -9.017243146960784994e-02
-4.226917850200682669e-01 2.131110414011286647e+00 -1.188844950656988003e-01
-2.612378899077659189e-01 2.352115279648680612e+00 -1.421130424585106689e-01
0.000000000000000000e+00 2.373748301315221632e+00 -4.463578807638128310e-01
2.612378899077658079e-01 2.293021353759070458e+00 -4.201281054860584452e-01
4.226917850200682114e-01 2.081675461249036463e+00 -3.514576622916256721e-01
4.226917850200682669e-01 1.820437571341270822e+00 -2.665763264582690084e-01
2.612378899077658634e-01 1.609091678831236605e+00 -1.979058832638362631e-01
5.442874662877125091e-17 1.528364731275085431e+00 -1.716761079860818495e-01
-2.612378899077657524e-01 1.609091678831236605e+00 -1.979058832638362631e-01
-4.226917850200682114e-01 1.820437571341270822e+00 -2.665763264582690084e-01
-4.226917850200682669e-01 2.081675461249036463e+00 -3.514576622916256721e-01
-2.612378899077659189e-01 2.293021353759070458e+00 -4.201281054860584452e-01
0.000000000000000000e+00 2.250925583244189454e+00 -7.222222222222218768e-01
2.612378899077658079e-01 2.177416190105343929e+00 -6.797815543055435450e-01
4.226917850200682114e-01 1.984966100375468612e+00 -5.686704431944324956e-01
4.226917850200682669e-01 1.747084707193408804e+00 -4.313295568055671159e-01
2.612378899077658634e-01 1.554634617463533486e+00 -3.202184456944559554e-01
5.442874662877125091e-17 1.481125224324688183e+00 -2.777777777777776791e-01
-2.612378899077657524e-01 1.554634617463533486e+00 -3.202184456944559554e-01
-4.226917850200682114e-01 1.747084707193408804e+00 -4.313295568055670604e-01
-4.226917850200682669e-01 1.984966100375468612e+00 -5.686704431944324956e-01
-2.612378899077659189e-01 2.177416190105343929e+00 -6.797815543055435450e-01
0.000000000000000000e+00 2.073431414578458920e+00 -9.665219869627947880e-01
2.612378899077658079e-01 2.010352289074290866e+00 -9.097252872480708907e-01
4.226917850200682114e-01 1.845208994523758417e+00 -7.610295969461023935e-01
4.226917850200682669e-01 1.641080656431030516e+00 -5.772316157716134155e-01
2.612378899077658634e-01 1.475937361880498289e+00 -4.285359254696448628e-01
5.442874662877125091e-17 1.412858236376330234e+00 -3.717392257549210766e-01
-2.612378899077657524e-01 1.475937361880498289e+00 -4.285359254696448628e-01
-4.226917850200682114e-01 1.641080656431030294e+00 -5.772316157716133045e-01
-4.226917850200682669e-01 1.845208994523758417e+00 -7.610295969461023935e-01
-2.612378899077659189e-01 2.010352289074290866e+00 -9.097252872480708907e-01
0.000000000000000000e+00 1.849023142200239000e+00 -1.168580102986034985e+00
2.612378899077658079e-01 1.799131144802507354e+00 -1.099909659791602268e+00
4.226917850200682114e-01 1.668512199848624533e+00 -9.201281054860583897e-01
4.226917850200682669e-01 1.507058304736322185e+00 -6.979058832638362908e-01
2.612378899077658634e-01 1.376439359782439142e+00 -5.181243289582924128e-01
5.442874662877125091e-17 1.326547362384707274e+00 -4.494538857638596396e-01
-2.612378899077657524e-01 1.376439359782439142e+00 -5.181243289582924128e-01
-4.226917850200682114e-01 1.507058304736321963e+00 -6.979058832638361798e-01
-4.226917850200682669e-01 1.668512199848624533e+00 -9.201281054860583897e-01
-2.612378899077659189e-01 1.799131144802507354e+00 -1.099909659791602268e+00
0.000000000000000000e+00 1.587508484442822221e+00 -1.319565661039312499e+00
2.612378899077658079e-01 1.552984134846173259e+00 -1.242022702250113353e+00
4.226917850200682114e-01 1.462598214162662114e+00 -1.039012600551757481e+00
4.226917850200682669e-01 1.350875071988938192e+00 -7.880783147334444738e-01
2.612378899077658634e-01 1.260489151305427047e+00 -5.850682130350886023e-01
5.442874662877125091e-17 1.225964801708777863e+00 -5.075252542458894567e-01
-2.612378899077657524e-01 1.260489151305427047e+00 -5.850682130350886023e-01
-4.226917850200682114e-01 1.350875071988937970e+00 -7.880783147334443628e-01
-4.226917850200682669e-01 1.462598214162662114e+00 -1.039012600551757481e+00
-2.612378899077659189e-01 1.552984134846173259e+00 -1.242022702250113353e+00
0.000000000000000000e+00 1.300316886736763378e+00 -1.412879867726608119e+00
2.612378899077658079e-01 1.282669064684780258e+00 -1.329853392734130058e+00
4.226917850200682114e-01 1.236466466725278046e+00 -1.112487259237728621e+00
4.226917850200682669e-01 1.179356914910240528e+00 -8.438079422298827570e-01
2.612378899077658634e-01 1.133154316950738316e+00 -6.264418087334814311e-01
5.442874662877125091e-17 1.115506494898755196e+00 -5.434153337410031481e-01
-2.612378899077657524e-01 1.133154316950738316e+00 -6.264418087334814311e-01
-4.226917850200682114e-01 1.179356914910240528e+00 -8.438079422298826460e-01
-4.226917850200682669e-01 1.236466466725278046e+00 -1.112487259237728621e+00
-2.612378899077659189e-01 1.282669064684780258e+00 -1.329853392734130058e+00
0.000000000000000000e+00 1.000000000000000888e+00 -1.444444444444444420e+00
2.612378899077658079e-01 1.000000000000000666e+00 -1.359563108611087756e+00
4.226917850200682114e-01 1.000000000000000666e+00 -1.137340886388865435e+00
4.226917850200682669e-01 1.000000000000000444e+00 -8.626591136111345648e-01
2.612378899077658634e-01 1.000000000000000444e+00 -6.404368913889122439e-01
5.442874662877125091e-17 1.000000000000000222e+00 -5.555555555555555802e-01
-2.612378899077657524e-01 1.000000000000000444e+00 -6.404368913889122439e-01
-4.226917850200682114e-01 1.000000000000000444e+00 -8.626591136111344538e-01
-4.226917850200682669e-01 1.000000000000000666e+00 -1.137340886388865435e+00
-2.612378899077659189e-01 1.000000000000000666e+00 -1.359563108611087756e+00
0.000000000000000000e+00 6.996831132632368444e-01 -1.412879867726608119e+00
2.612378899077658079e-01 7.173309353152201862e-01 -1.329853392734130058e+00
4.226917850200682114e-01 7.635335332747221759e-01 -1.112487259237728621e+00
4.226917850200682669e-01 8.206430850897596940e-01 -8.438079422298827570e-01
2.612378899077658634e-01 8.668456830492616838e-01 -6.264418087334814311e-01
5.442874662877125091e-17 8.844935051012449145e-01 -5.434153337410031481e-01
-2.612378899077657524e-01 8.668456830492616838e-01 -6.264418087334814311e-01
-4.226917850200682114e-01 8.206430850897596940e-01 -8.438079422298826460e-01
-4.226917850200682669e-01 7.635335332747221759e-01 -1.112487259237728621e+00
-2.612378899077659189e-01 7.173309353152201862e-01 -1.329853392734130058e+00
0.000000000000000000e+00 4.124915155571774461e-01 -1.319565661039312277e+00
2.612378899077658079e-01 4.470158651538266303e-01 -1.242022702250113131e+00
4.226917850200682114e-01 5.374017858373378864e-01 -1.039012600551757481e+00
4.226917850200682669e-01 6.491249280110618081e-01 -7.880783147334443628e-01
2.612378899077658634e-01 7.395108486945729531e-01 -5.850682130350884913e-01
5.442874662877125091e-17 7.740351982912221374e-01 -5.075252542458893457e-01
-2.612378899077657524e-01 7.395108486945729531e-01 -5.850682130350884913e-01
-4.226917850200682114e-01 6.491249280110618081e-01 -7.880783147334442518e-01
-4.226917850200682669e-01 5.374017858373378864e-01 -1.039012600551757481e+00
-2.612378899077659189e-01 4.470158651538266303e-01 -1.242022702250113131e+00
0.000000000000000000e+00 1.509768577997612216e-01 -1.168580102986035207e+00
2.612378899077658079e-01 2.008688551974928682e-01 -1.099909659791602490e+00
4.226917850200682114e-01 3.314878001513757999e-01 -9.201281054860585007e-01
4.226917850200682669e-01 4.929416952636781479e-01 -6.979058832638364018e-01
2.612378899077658634e-01 6.235606402175610796e-01 -5.181243289582924128e-01
5.442874662877125091e-17 6.734526376152927263e-01 -4.494538857638596951e-01
-2.612378899077657524e-01 6.235606402175610796e-01 -5.181243289582924128e-01
-4.226917850200682114e-01 4.929416952636781479e-01 -6.979058832638362908e-01
-4.226917850200682669e-01 3.314878001513757999e-01 -9.201281054860585007e-01
-2.612378899077659189e-01 2.008688551974928682e-01 -1.099909659791602490e+00
0.000000000000000000e+00 -7.343141457845803188e-02 -9.665219869627955651e-01
2.612378899077658079e-01 -1.035228907429019962e-02 -9.097252872480716679e-01
4.226917850200682114e-01 1.547910054762420273e-01 -7.610295969461030596e-01
4.226917850200682669e-01 3.589193435689699285e-01 -5.772316157716138596e-01
2.612378899077658634e-01 5.240626381195020445e-01 -4.285359254696452513e-01
5.442874662877125091e-17 5.871417636236699877e-01 -3.717392257549214096e-01
-2.612378899077657524e-01 5.240626381195020445e-01 -4.285359254696452513e-01
-4.226917850200682114e-01 3.589193435689700395e-01 -5.772316157716137486e-01
-4.226917850200682669e-01 1.547910054762420273e-01 -7.610295969461030596e-01
-2.612378899077659189e-01 -1.035228907429019962e-02 -9.097252872480716679e-01
0.000000000000000000e+00 -2.509255832441890099e-01 -7.222222222222228760e-01
2.612378899077658079e-01 -1.774161901053437074e-01 -6.797815543055444332e-01
4.226917850200682114e-01 1.503389962453161033e-02 -5.686704431944332727e-01
4.226917850200682669e-01 2.529152928065914185e-01 -4.313295568055676710e-01
2.612378899077658634e-01 4.453653825364667362e-01 -3.202184456944563995e-01
5.442874662877125091e-17 5.188747756753119278e-01 -2.777777777777780122e-01
-2.612378899077657524e-01 4.453653825364667362e-01 -3.202184456944563995e-01
-4.226917850200682114e-01 2.529152928065915296e-01 -4.313295568055676155e-01
-4.226917850200682669e-01 1.503389962453161033e-02 -5.686704431944332727e-01
-2.612378899077659189e-01 -1.774161901053437074e-01 -6.797815543055444332e-01
0.000000000000000000e+00 -3.737483013152218536e-01 -4.463578807638131640e-01
2.612378899077658079e-01 -2.930213537590706796e-01 -4.201281054860587227e-01
4.226917850200682114e-01 -8.167546124903646287e-02 -3.514576622916258941e-01
4.226917850200682669e-01 1.795624286587292895e-01 -2.665763264582692305e-01
2.612378899077658634e-01 3.909083211687635062e-01 -1.979058832638364018e-01
5.442874662877125091e-17 4.716352687249146802e-01 -1.716761079860819883e-01
-2.612378899077657524e-01 3.909083211687635062e-01 -1.979058832638364018e-01
-4.226917850200682114e-01 1.795624286587294005e-01 -2.665763264582691749e-01
-4.226917850200682669e-01 -8.167546124903646287e-02 -3.514576622916258941e-01
-2.612378899077659189e-01 -2.930213537590706796e-01 -4.201281054860587227e-01
0.000000000000000000e+00 -4.365316266430614434e-01 -1.509855580532783459e-01
2.612378899077658079e-01 -3.521152796486806125e-01 -1.421130424585118901e-01
4.226917850200682114e-01 -1.311104140112864247e-01 -1.188844950656998273e-01
4.226917850200682669e-01 1.420666232747398450e-01 -9.017243146960864097e-02
2.612378899077658634e-01 3.630714889121340327e-01 -6.694388407679657815e-02
5.442874662877125091e-17 4.474878359065148636e-01 -5.807136848203012930e-02
-2.612378899077657524e-01 3.630714889121340327e-01 -6.694388407679657815e-02
-4.226917850200682114e-01 1.420666232747399560e-01 -9.017243146960862710e-02
-4.226917850200682669e-01 -1.311104140112864247e-01 -1.188844950656998273e-01
-2.612378899077659189e-01 -3.521152796486806125e-01 -1.421130424585118901e-01
0.000000000000000000e+00 -4.365316266430616654e-01 1.509855580532765418e-01
2.612378899077658079e-01 -3.521152796486808345e-01 1.421130424585101970e-01
4.226917850200682114e-01 -1.311104140112866467e-01 1.188844950656984117e-01
4.226917850200682669e-01 1.420666232747397340e-01 9.017243146960755851e-02
2.612378899077658634e-01 3.630714889121339217e-01 6.694388407679577324e-02
5.442874662877125091e-17 4.474878359065147526e-01 5.807136848202943541e-02
-2.612378899077657524e-01 3.630714889121339217e-01 6.694388407679577324e-02
-4.226917850200682114e-01 1.420666232747398450e-01 9.017243146960754463e-02
-4.226917850200682669e-01 -1.311104140112866467e-01 1.188844950656984117e-01
-2.612378899077659189e-01 -3.521152796486808345e-01 1.421130424585101970e-01
0.000000000000000000e+00 -3.737483013152218536e-01 4.463578807638126644e-01
2.612378899077658079e-01 -2.930213537590706796e-01 4.201281054860582787e-01
4.226917850200682114e-01 -8.167546124903646287e-02 3.514576622916255055e-01
4.226917850200682669e-01 1.795624286587291785e-01 2.665763264582689529e-01
2.612378899077658634e-01 3.909083211687633952e-01 1.979058832638361798e-01
5.442874662877125091e-17 4.716352687249145692e-01 1.716761079860817940e-01
-2.612378899077657524e-01 3.909083211687633952e-01 1.979058832638361798e-01
-4.226917850200682114e-01 1.795624286587292895e-01 2.665763264582688974e-01
-4.226917850200682669e-01 -8.167546124903646287e-02 3.514576622916255055e-01
-2.612378899077659189e-01 -2.930213537590706796e-01 4.201281054860582787e-01
0.000000000000000000e+00 -2.509255832441890099e-01 7.222222222222223209e-01
2.612378899077658079e-01 -1.774161901053439294e-01 6.797815543055439891e-01
4.226917850200682114e-01 1.503389962453149931e-02 5.686704431944328286e-01
4.226917850200682669e-01 2.529152928065913075e-01 4.313295568055673934e-01
2.612378899077658634e-01 4.453653825364666252e-01 3.202184456944561775e-01
5.442874662877125091e-17 5.188747756753118168e-01 2.777777777777778456e-01
-2.612378899077657524e-01 4.453653825364666252e-01 3.202184456944561775e-01
-4.226917850200682114e-01 2.529152928065914185e-01 4.313295568055673379e-01
-4.226917850200682669e-01 1.503389962453149931e-02 5.686704431944328286e-01
-2.612378899077659189e-01 -1.774161901053439294e-01 6.797815543055439891e-01
0.000000000000000000e+00 -7.343141457845803188e-02 9.665219869627955651e-01
2.612378899077658079e-01 -1.035228907429019962e-02 9.097252872480716679e-01
4.226917850200682114e-01 1.547910054762420273e-01 7.610295969461030596e-01
4.226917850200682669e-01 3.589193435689699285e-01 5.772316157716138596e-01
2.612378899077658634e-01 5.240626381195020445e-01 4.285359254696452513e-01
5.442874662877125091e-17 5.871417636236699877e-01 3.717392257549214096e-01
-2.612378899077657524e-01 5.240626381195020445e-01 4.285359254696452513e-01
-4.226917850200682114e-01 3.589193435689700395e-01 5.772316157716137486e-01
-4.226917850200682669e-01 1.547910054762420273e-01 7.610295969461030596e-01
-2.612378899077659189e-01 -1.035228907429019962e-02 9.097252872480716679e-01
0.000000000000000000e+00 1.509768577997606664e-01 1.168580102986034985e+00
2.612378899077658079e-01 2.008688551974924241e-01 1.099909659791602268e+00
4.226917850200682114e-01 3.314878001513754668e-01 9.201281054860583897e-01
4.226917850200682669e-01 4.929416952636778149e-01 6.979058832638362908e-01
2.612378899077658634e-01 6.235606402175608576e-01 5.181243289582924128e-01
5.442874662877125091e-17 6.734526376152925042e-01 4.494538857638596396e-01
-2.612378899077657524e-01 6.235606402175608576e-01 5.181243289582924128e-01
-4.226917850200682114e-01 4.929416952636779259e-01 6.979058832638361798e-01
-4.226917850200682669e-01 3.314878001513754668e-01 9.201281054860583897e-01
-2.612378899077659189e-01 2.008688551974924241e-01 1.099909659791602268e+00
0.000000000000000000e+00 4.124915155571775571e-01 1.319565661039312499e+00
2.612378899077658079e-01 4.470158651538266303e-01 1.242022702250113353e+00
4.226917850200682114e-01 5.374017858373378864e-01 1.039012600551757481e+00
4.226917850200682669e-01 6.491249280110618081e-01 7.880783147334444738e-01
2.612378899077658634e-01 7.395108486945729531e-01 5.850682130350886023e-01
5.442874662877125091e-17 7.740351982912221374e-01 5.075252542458894567e-01
-2.612378899077657524e-01 7.395108486945729531e-01 5.850682130350886023e-01
-4.226917850200682114e-01 6.491249280110618081e-01 7.880783147334443628e-01
-4.226917850200682669e-01 5.374017858373378864e-01 1.039012600551757481e+00
-2.612378899077659189e-01 4.470158651538266303e-01 1.242022702250113353e+00
0.000000000000000000e+00 6.996831132632370664e-01 1.412879867726608119e+00
2.612378899077658079e-01 7.173309353152201862e-01 1.329853392734130058e+00
4.226917850200682114e-01 7.635335332747222870e-01 1.112487259237728621e+00
4.226917850200682669e-01 8.206430850897598051e-01 8.438079422298827570e-01
2.612378899077658634e-01 8.668456830492617948e-01 6.264418087334814311e-01
5.442874662877125091e-17 8.844935051012450256e-01 5.434153337410031481e-01
-2.612378899077657524e-01 8.668456830492617948e-01 6.264418087334814311e-01
-4.226917850200682114e-01 8.206430850897598051e-01 8.438079422298826460e-01
-4.226917850200682669e-01 7.635335332747222870e-01 1.112487259237728621e+00
-2.612378899077659189e-01 7.173309353152201862e-01 1.329853392734130058e+00
1.373408863888654907e-01 1.148711785991662460e+00 1.414898130563030154e+00
3.595631086110877561e-01 1.131835258446996617e+00 1.254328696781352948e+00
4.444444444444444198e-01 1.104528463267653526e+00 9.945218953682732899e-01
3.595631086110877561e-01 1.077221668088310214e+00 7.347150939551937432e-01
1.373408863888655462e-01 1.060345140543644371e+00 5.741456601735163146e-01
-1.373408863888654630e-01 1.060345140543644371e+00 5.741456601735163146e-01
-3.595631086110877006e-01 1.077221668088310214e+00 7.347150939551936322e-01
-4.444444444444444198e-01 1.104528463267653526e+00 9.945218953682731788e-01
-3.595631086110878116e-01 1.131835258446996617e+00 1.254328696781352726e+00
-1.373408863888656017e-01 1.148711785991662460e+00 1.414898130563030154e+00
1.373408863888654907e-01 1.439635939328830272e+00 1.353060292822919619e+00
3.595631086110877561e-01 1.389743941931098625e+00 1.199508513795130238e+00
4.444444444444444198e-01 1.309016994374947451e+00 9.510565162951535312e-01
3.595631086110877561e-01 1.228290046818796277e+00 7.026045187951769355e-01
1.373408863888655462e-01 1.178398049421064409e+00 5.490527397673874432e-01
-1.373408863888654630e-01 1.178398049421064409e+00 5.490527397673874432e-01
-3.595631086110877006e-01 1.228290046818796277e+00 7.026045187951769355e-01
-4.444444444444444198e-01 1.309016994374947451e+00 9.510565162951534202e-01
-3.595631086110878116e-01 1.389743941931098625e+00 1.199508513795130016e+00
-1.373408863888656017e-01 1.439635939328830272e+00 1.353060292822919619e+00
1.373408863888654907e-01 1.711345892510033995e+00 1.232087227582808531e+00
3.595631086110877561e-01 1.630618944953882821e+00 1.092264052875606462e+00
4.444444444444444198e-01 1.500000000000000000e+00 8.660254037844387076e-01
3.595631086110877561e-01 1.369381055046117179e+00 6.397867546932711758e-01
1.373408863888655462e-01 1.288654107489965783e+00 4.999635799860689955e-01
-1.373408863888654630e-01 1.288654107489965783e+00 4.999635799860689955e-01
-3.595631086110877006e-01 1.369381055046116957e+00 6.397867546932710647e-01
-4.444444444444444198e-01 1.500000000000000000e+00 8.660254037844385966e-01
-3.595631086110878116e-01 1.630618944953882821e+00 1.092264052875606239e+00
-1.373408863888656017e-01 1.711345892510033995e+00 1.232087227582808531e+00
1.373408863888654907e-01 1.951966616772244478e+00 1.057266038286861054e+00
3.595631086110877561e-01 1.843932874036750214e+00 9.372824115809836876e-01
4.444444444444444198e-01 1.669130606358858238e+00 7.431448254773942441e-01
3.595631086110877561e-01 1.494328338680966262e+00 5.490072393738049117e-01
1.373408863888655462e-01 1.386294595945471775e+00 4.290236126679273787e-01
-1.373408863888654630e-01 1.386294595945471775e+00 4.290236126679273787e-01
-3.595631086110877006e-01 1.494328338680966262e+00 5.490072393738048007e-01
-4.444444444444444198e-01 1.669130606358858238e+00 7.431448254773941331e-01
-3.595631086110878116e-01 1.843932874036750214e+00 9.372824115809834655e-01
-1.373408863888656017e-01 1.951966616772244478e+00 1.057266038286861054e+00
1.373408863888654907e-01 2.150981831838864267e+00 8.362372497924497328e-01
3.595631086110877561e-01 2.020362886884981890e+00 7.413370313202626294e-01
4.444444444444444198e-01 1.809016994374947451e+00 5.877852522924731371e-01
3.595631086110877561e-01 1.597671101864913457e+00 4.342334732646837003e-01
1.373408863888655462e-01 1.467052156911030414e+00 3.393332547924965414e-01
-1.373408863888654630e-01 1.467052156911030414e+00 3.393332547924965414e-01
-3.595631086110877006e-01 1.597671101864913457e+00 4.342334732646836448e-01
-4.444444444444444198e-01 1.809016994374947451e+00 5.877852522924730261e-01
-3.595631086110878116e-01 2.020362886884981446e+00 7.413370313202625184e-01
-1.373408863888656017e-01 2.150981831838864267e+00 8.362372497924497328e-01
1.373408863888654907e-01 2.299693617830526726e+00 5.786608807705807545e-01
3.595631086110877561e-01 2.152198145331978285e+00 5.129916654610905402e-01
4.444444444444444198e-01 1.913545457642600756e+00 4.067366430758003748e-01
3.595631086110877561e-01 1.674892769953223670e+00 3.004816206905102094e-01
1.373408863888655462e-01 1.527397297454674785e+00 2.348124053810199396e-01
-1.373408863888654630e-01 1.527397297454674785e+00 2.348124053810199396e-01
-3.595631086110877006e-01 1.674892769953223670e+00 3.004816206905101539e-01
-4.444444444444444198e-01 1.913545457642600756e+00 4.067366430758003193e-01
-3.595631086110878116e-01 2.152198145331977841e+00 5.129916654610904292e-01
-1.373408863888656017e-01 2.299693617830526726e+00 5.786608807705807545e-01
1.373408863888654907e-01 2.391602556101074750e+00 2.957942545360587316e-01
3.595631086110877561e-01 2.233676815967848839e+00 2.622261022141467723e-01
4.444444444444444198e-01 1.978147600733805689e+00 2.079116908177594536e-01
3.595631086110877561e-01 1.722618385499762539e+00 1.535972794213721904e-01
1.373408863888655462e-01 1.564692645366536183e+00 1.200291270994601894e-01
-1.373408863888654630e-01 1.564692645366536183e+00 1.200291270994601894e-01
-3.595631086110877006e-01 1.722618385499762317e+00 1.535972794213721626e-01
-4.444444444444444198e-01 1.978147600733805467e+00 2.079116908177594258e-01
-3.595631086110878116e-01 2.233676815967848839e+00 2.622261022141467168e-01
-1.373408863888656017e-01 2.391602556101074750e+00 2.957942545360587316e-01
1.373408863888654907e-01 2.422691785020067989e+00 8.711474703490304992e-17
3.595631086110877561e-01 2.261237889907765641e+00 7.722854724194537015e-17
4.444444444444444198e-01 2.000000000000000000e+00 6.123233995736766036e-17
3.595631086110877561e-01 1.738762110092234359e+00 4.523613267278996290e-17
1.373408863888655462e-01 1.577308214979931789e+00 3.534993287983227696e-17
-1.373408863888654630e-01 1.577308214979931789e+00 3.534993287983227696e-17
-3.595631086110877006e-01 1.738762110092234137e+00 4.523613267278995673e-17
-4.444444444444444198e-01 2.000000000000000000e+00 6.123233995736764803e-17
-3.595631086110878116e-01 2.261237889907765641e+00 7.722854724194535782e-17
-1.373408863888656017e-01 2.422691785020067989e+00 8.711474703490304992e-17
1.373408863888654907e-01 2.391602556101075194e+00 -2.957942545360582320e-01
3.595631086110877561e-01 2.233676815967848839e+00 -2.622261022141463283e-01
4.444444444444444198e-01 1.978147600733805689e+00 -2.079116908177591205e-01
3.595631086110877561e-01 1.722618385499762539e+00 -1.535972794213719406e-01
1.373408863888655462e-01 1.564692645366536405e+00 -1.200291270994599951e-01
-1.373408863888654630e-01 1.564692645366536405e+00 -1.200291270994599951e-01
-3.595631086110877006e-01 1.722618385499762539e+00 -1.535972794213719128e-01
-4.444444444444444198e-01 1.978147600733805689e+00 -2.079116908177590928e-01
-3.595631086110878116e-01 2.233676815967848839e+00 -2.622261022141462727e-01
-1.373408863888656017e-01 2.391602556101075194e+00 -2.957942545360582320e-01
1.373408863888654907e-01 2.299693617830527170e+00 -5.786608807705804214e-01
3.595631086110877561e-01 2.152198145331978285e+00 -5.129916654610902071e-01
4.444444444444444198e-01 1.913545457642600978e+00 -4.067366430758000972e-01
3.595631086110877561e-01 1.674892769953223670e+00 -3.004816206905100429e-01
1.373408863888655462e-01 1.527397297454674785e+00 -2.348124053810197731e-01
-1.373408863888654630e-01 1.527397297454674785e+00 -2.348124053810197731e-01
-3.595631086110877006e-01 1.674892769953223670e+00 -3.004816206905099873e-01
-4.444444444444444198e-01 1.913545457642600756e+00 -4.067366430758000417e-01
-3.595631086110878116e-01 2.152198145331977841e+00 -5.129916654610900961e-01
-1.373408863888656017e-01 2.299693617830527170e+00 -5.786608807705804214e-01
1.373408863888654907e-01 2.150981831838864267e+00 -8.362372497924496217e-01
3.595631086110877561e-01 2.020362886884981890e+00 -7.413370313202625184e-01
4.444444444444444198e-01 1.809016994374947451e+00 -5.877852522924730261e-01
3.595631086110877561e-01 1.597671101864913457e+00 -4.342334732646836448e-01
1.373408863888655462e-01 1.467052156911030414e+00 -3.393332547924964859e-01
-1.373408863888654630e-01 1.467052156911030414e+00 -3.393332547924964859e-01
-3.595631086110877006e-01 1.597671101864913457e+00 -4.342334732646835893e-01
-4.444444444444444198e-01 1.809016994374947451e+00 -5.877852522924729151e-01
-3.595631086110878116e-01 2.020362886884981446e+00 -7.413370313202622963e-01
-1.373408863888656017e-01 2.150981831838864267e+00 -8.362372497924496217e-01
1.373408863888654907e-01 1.951966616772244922e+00 -1.057266038286860832e+00
3.595631086110877561e-01 1.843932874036750436e+00 -9.372824115809834655e-01
4.444444444444444198e-01 1.669130606358858238e+00 -7.431448254773941331e-01
3.595631086110877561e-01 1.494328338680966262e+00 -5.490072393738048007e-01
1.373408863888655462e-01 1.386294595945471997e+00 -4.290236126679273232e-01
-1.373408863888654630e-01 1.386294595945471997e+00 -4.290236126679273232e-01
-3.595631086110877006e-01 1.494328338680966262e+00 -5.490072393738048007e-01
-4.444444444444444198e-01 1.669130606358858238e+00 -7.431448254773940221e-01
-3.595631086110878116e-01 1.843932874036750214e+00 -9.372824115809833545e-01
-1.373408863888656017e-01 1.951966616772244922e+00 -1.057266038286860832e+00
1.373408863888654907e-01 1.711345892510033995e+00 -1.232087227582808531e+00
3.595631086110877561e-01 1.630618944953882821e+00 -1.092264052875606462e+00
4.444444444444444198e-01 1.500000000000000000e+00 -8.660254037844387076e-01
3.595631086110877561e-01 1.369381055046117179e+00 -6.397867546932711758e-01
1.373408863888655462e-01 1.288654107489965783e+00 -4.999635799860689955e-01
-1.373408863888654630e-01 1.288654107489965783e+00 -4.999635799860689955e-01
-3.595631086110877006e-01 1.369381055046116957e+00 -6.397867546932710647e-01
-4.444444444444444198e-01 1.500000000000000000e+00 -8.660254037844385966e-01
-3.595631086110878116e-01 1.630618944953882821e+00 -1.092264052875606239e+00
-1.373408863888656017e-01 1.711345892510033995e+00 -1.232087227582808531e+00
1.373408863888654907e-01 1.439635939328829828e+00 -1.353060292822919619e+00
3.595631086110877561e-01 1.389743941931098181e+00 -1.199508513795130238e+00
4.444444444444444198e-01 1.309016994374947007e+00 -9.510565162951536422e-01
3.595631086110877561e-01 1.228290046818796055e+00 -7.026045187951770465e-01
1.373408863888655462e-01 1.178398049421064409e+00 -5.490527397673875543e-01
-1.373408863888654630e-01 1.178398049421064409e+00 -5.490527397673875543e-01
-3.595631086110877006e-01 1.228290046818796055e+00 -7.026045187951769355e-01
-4.444444444444444198e-01 1.309016994374947007e+00 -9.510565162951535312e-01
-3.595631086110878116e-01 1.389743941931098181e+00 -1.199508513795130016e+00
-1.373408863888656017e-01 1.439635939328829828e+00 -1.353060292822919619e+00
1.373408863888654907e-01 1.148711785991662238e+00 -1.414898130563030376e+00
3.595631086110877561e-01 1.131835258446996395e+00 -1.254328696781352948e+00
4.444444444444444198e-01 1.104528463267653304e+00 -9.945218953682734009e-01
3.595631086110877561e-01 1.077221668088310214e+00 -7.347150939551938542e-01
1.373408863888655462e-01 1.060345140543644371e+00 -5.741456601735164256e-01
-1.373408863888654630e-01 1.060345140543644371e+00 -5.741456601735164256e-01
-3.595631086110877006e-01 1.077221668088310214e+00 -7.347150939551937432e-01
-4.444444444444444198e-01 1.104528463267653304e+00 -9.945218953682732899e-01
-3.595631086110878116e-01 1.131835258446996395e+00 -1.254328696781352726e+00
-1.373408863888656017e-01 1.148711785991662238e+00 -1.414898130563030376e+00
1.373408863888654907e-01 8.512882140083379845e-01 -1.414898130563030376e+00
3.595631086110877561e-01 8.681647415530038270e-01 -1.254328696781352948e+00
4.444444444444444198e-01 8.954715367323469177e-01 -9.945218953682734009e-01
3.595631086110877561e-01 9.227783319116900085e-01 -7.347150939551938542e-01
1.373408863888655462e-01 9.396548594563558510e-01 -5.741456601735164256e-01
-1.373408863888654630e-01 9.396548594563558510e-01 -5.741456601735164256e-01
-3.595631086110877006e-01 9.227783319116900085e-01 -7.347150939551937432e-01
-4.444444444444444198e-01 8.954715367323469177e-01 -9.945218953682732899e-01
-3.595631086110878116e-01 8.681647415530038270e-01 -1.254328696781352726e+00
-1.373408863888656017e-01 8.512882140083379845e-01 -1.414898130563030376e+00
1.373408863888654907e-01 5.603640606711699501e-01 -1.353060292822919619e+00
3.595631086110877561e-01 6.102560580689015968e-01 -1.199508513795130238e+00
4.444444444444444198e-01 6.909830056250527708e-01 -9.510565162951536422e-01
3.595631086110877561e-01 7.717099531812038338e-01 -7.026045187951770465e-01
1.373408863888655462e-01 8.216019505789355915e-01 -5.490527397673875543e-01
-1.373408863888654630e-01 8.216019505789355915e-01 -5.490527397673875543e-01
-3.595631086110877006e-01 7.717099531812039448e-01 -7.026045187951769355e-01
-4.444444444444444198e-01 6.909830056250527708e-01 -9.510565162951535312e-01
-3.595631086110878116e-01 6.102560580689015968e-01 -1.199508513795130016e+00
-1.373408863888656017e-01 5.603640606711699501e-01 -1.353060292822919619e+00
1.373408863888654907e-01 2.886541074899657833e-01 -1.232087227582808309e+00
3.595631086110877561e-01 3.693810550461169573e-01 -1.092264052875606239e+00
4.444444444444444198e-01 4.999999999999998890e-01 -8.660254037844385966e-01
3.595631086110877561e-01 6.306189449538828207e-01 -6.397867546932710647e-01
1.373408863888655462e-01 7.113458925100339947e-01 -4.999635799860688845e-01
-1.373408863888654630e-01 7.113458925100339947e-01 -4.999635799860688845e-01
-3.595631086110877006e-01 6.306189449538828207e-01 -6.397867546932709537e-01
-4.444444444444444198e-01 5.000000000000000000e-01 -8.660254037844384856e-01
-3.595631086110878116e-01 3.693810550461170683e-01 -1.092264052875606017e+00
-1.373408863888656017e-01 2.886541074899657833e-01 -1.232087227582808309e+00
1.373408863888654907e-01 4.803338322775541069e-02 -1.057266038286861054e+00
3.595631086110877561e-01 1.560671259632497865e-01 -9.372824115809836876e-01
4.444444444444444198e-01 3.308693936411417624e-01 -7.431448254773942441e-01
3.595631086110877561e-01 5.056716613190337384e-01 -5.490072393738049117e-01
1.373408863888655462e-01 6.137054040545282252e-01 -4.290236126679273787e-01
-1.373408863888654630e-01 6.137054040545282252e-01 -4.290236126679273787e-01
-3.595631086110877006e-01 5.056716613190337384e-01 -5.490072393738048007e-01
-4.444444444444444198e-01 3.308693936411418735e-01 -7.431448254773941331e-01
-3.595631086110878116e-01 1.560671259632498975e-01 -9.372824115809834655e-01
-1.373408863888656017e-01 4.803338322775541069e-02 -1.057266038286861054e+00
1.373408863888654907e-01 -1.509818318388642666e-01 -8.362372497924499548e-01
3.595631086110877561e-01 -2.036288688498144595e-02 -7.413370313202627404e-01
4.444444444444444198e-01 1.909830056250526598e-01 -5.877852522924732481e-01
3.595631086110877561e-01 4.023288981350866544e-01 -4.342334732646838114e-01
1.373408863888655462e-01 5.329478430889695861e-01 -3.393332547924965970e-01
-1.373408863888654630e-01 5.329478430889695861e-01 -3.393332547924965970e-01
-3.595631086110877006e-01 4.023288981350867655e-01 -4.342334732646837558e-01
-4.444444444444444198e-01 1.909830056250527708e-01 -5.877852522924731371e-01
-3.595631086110878116e-01 -2.036288688498122390e-02 -7.413370313202626294e-01
-1.373408863888656017e-01 -1.509818318388642666e-01 -8.362372497924499548e-01
1.373408863888654907e-01 -2.996936178305265042e-01 -5.786608807705816426e-01
3.595631086110877561e-01 -1.521981453319778410e-01 -5.129916654610913174e-01
4.444444444444444198e-01 8.645454235739946647e-02 -4.067366430758009299e-01
3.595631086110877561e-01 3.251072300467766629e-01 -3.004816206905106535e-01
1.373408863888655462e-01 4.726027025453254371e-01 -2.348124053810202727e-01
-1.373408863888654630e-01 4.726027025453254371e-01 -2.348124053810202727e-01
-3.595631086110877006e-01 3.251072300467767739e-01 -3.004816206905105980e-01
-4.444444444444444198e-01 8.645454235739957749e-02 -4.067366430758008744e-01
-3.595631086110878116e-01 -1.521981453319776190e-01 -5.129916654610912063e-01
-1.373408863888656017e-01 -2.996936178305265042e-01 -5.786608807705816426e-01
1.373408863888654907e-01 -3.916025561010747502e-01 -2.957942545360591757e-01
3.595631086110877561e-01 -2.336768159678488388e-01 -2.622261022141471609e-01
4.444444444444444198e-01 2.185239926619442219e-02 -2.079116908177597867e-01
3.595631086110877561e-01 2.773816145002375722e-01 -1.535972794213724124e-01
1.373408863888655462e-01 4.353073546334637056e-01 -1.200291270994603837e-01
-1.373408863888654630e-01 4.353073546334637056e-01 -1.200291270994603837e-01
-3.595631086110877006e-01 2.773816145002376832e-01 -1.535972794213724124e-01
-4.444444444444444198e-01 2.185239926619453321e-02 -2.079116908177597589e-01
-3.595631086110878116e-01 -2.336768159678486168e-01 -2.622261022141471054e-01
-1.373408863888656017e-01 -3.916025561010747502e-01 -2.957942545360591757e-01
1.373408863888654907e-01 -4.226917850200682114e-01 -1.524948382444183510e-15
3.595631086110877561e-01 -2.612378899077658634e-01 -1.351889917650035998e-15
4.444444444444444198e-01 0.000000000000000000e+00 -1.071875439572228152e-15
3.595631086110877561e-01 2.612378899077657524e-01 -7.918609614944204039e-16
1.373408863888655462e-01 4.226917850200682114e-01 -6.188024967002727933e-16
-1.373408863888654630e-01 4.226917850200682114e-01 -6.188024967002727933e-16
-3.595631086110877006e-01 2.612378899077658634e-01 -7.918609614944203053e-16
-4.444444444444444198e-01 1.110223024625156540e-16 -1.071875439572227955e-15
-3.595631086110878116e-01 -2.612378899077656413e-01 -1.351889917650035801e-15
-1.373408863888656017e-01 -4.226917850200682114e-01 -1.524948382444183510e-15
1.373408863888654907e-01 -3.916025561010751943e-01 2.957942545360574549e-01
3.595631086110877561e-01 -2.336768159678490608e-01 2.622261022141456066e-01
4.444444444444444198e-01 2.185239926619420014e-02 2.079116908177585654e-01
3.595631086110877561e-01 2.773816145002373501e-01 1.535972794213715242e-01
1.373408863888655462e-01 4.353073546334635946e-01 1.200291270994596760e-01
-1.373408863888654630e-01 4.353073546334635946e-01 1.200291270994596760e-01
-3.595631086110877006e-01 2.773816145002374611e-01 1.535972794213714965e-01
-4.444444444444444198e-01 2.185239926619431117e-02 2.079116908177585377e-01
-3.595631086110878116e-01 -2.336768159678488388e-01 2.622261022141456066e-01
-1.373408863888656017e-01 -3.916025561010751943e-01 2.957942545360574549e-01
1.373408863888654907e-01 -2.996936178305271703e-01 5.786608807705799773e-01
3.595631086110877561e-01 -1.521981453319785071e-01 5.129916654610897631e-01
4.444444444444444198e-01 8.645454235739891136e-02 4.067366430757997642e-01
3.595631086110877561e-01 3.251072300467762188e-01 3.004816206905097653e-01
1.373408863888655462e-01 4.726027025453251040e-01 2.348124053810196066e-01
-1.373408863888654630e-01 4.726027025453251040e-01 2.348124053810196066e-01
-3.595631086110877006e-01 3.251072300467763299e-01 3.004816206905097098e-01
-4.444444444444444198e-01 8.645454235739902238e-02 4.067366430757997087e-01
-3.595631086110878116e-01 -1.521981453319782851e-01 5.129916654610897631e-01
-1.373408863888656017e-01 -2.996936178305271703e-01 5.786608807705799773e-01
1.373408863888654907e-01 -1.509818318388647107e-01 8.362372497924493997e-01
3.595631086110877561e-01 -2.036288688498166799e-02 7.413370313202622963e-01
4.444444444444444198e-01 1.909830056250524377e-01 5.877852522924729151e-01
3.595631086110877561e-01 4.023288981350865434e-01 4.342334732646835338e-01
1.373408863888655462e-01 5.329478430889695861e-01 3.393332547924963749e-01
-1.373408863888654630e-01 5.329478430889695861e-01 3.393332547924963749e-01
-3.595631086110877006e-01 4.023288981350866544e-01 4.342334732646834783e-01
-4.444444444444444198e-01 1.909830056250525487e-01 5.877852522924728040e-01
-3.595631086110878116e-01 -2.036288688498166799e-02 7.413370313202621853e-01
-1.373408863888656017e-01 -1.509818318388647107e-01 8.362372497924493997e-01
1.373408863888654907e-01 4.803338322775552172e-02 1.057266038286861054e+00
3.595631086110877561e-01 1.560671259632498975e-01 9.372824115809836876e-01
4.444444444444444198e-01 3.308693936411418735e-01 7.431448254773942441e-01
3.595631086110877561e-01 5.056716613190337384e-01 5.490072393738049117e-01
1.373408863888655462e-01 6.137054040545282252e-01 4.290236126679273787e-01
-1.373408863888654630e-01 6.137054040545282252e-01 4.290236126679273787e-01
-3.595631086110877006e-01 5.056716613190338494e-01 5.490072393738048007e-01
-4.444444444444444198e-01 3.308693936411419845e-01 7.431448254773941331e-01
-3.595631086110878116e-01 1.560671259632500085e-01 9.372824115809834655e-01
-1.373408863888656017e-01 4.803338322775552172e-02 1.057266038286861054e+00
1.373408863888654907e-01 2.886541074899652282e-01 1.232087227582807865e+00
3.595631086110877561e-01 3.693810550461165132e-01 1.092264052875606017e+00
4.444444444444444198e-01 4.999999999999995559e-01 8.660254037844383745e-01
3.595631086110877561e-01 6.306189449538825986e-01 6.397867546932708427e-01
1.373408863888655462e-01 7.113458925100337726e-01 4.999635799860687735e-01
-1.373408863888654630e-01 7.113458925100337726e-01 4.999635799860687735e-01
-3.595631086110877006e-01 6.306189449538825986e-01 6.397867546932707317e-01
-4.444444444444444198e-01 4.999999999999996669e-01 8.660254037844382635e-01
-3.595631086110878116e-01 3.693810550461166242e-01 1.092264052875605795e+00
-1.373408863888656017e-01 2.886541074899652282e-01 1.232087227582807865e+00
1.373408863888654907e-01 5.603640606711693950e-01 1.353060292822919619e+00
3.595631086110877561e-01 6.102560580689011527e-01 1.199508513795130238e+00
4.444444444444444198e-01 6.909830056250523267e-01 9.510565162951535312e-01
3.595631086110877561e-01 7.717099531812036117e-01 7.026045187951769355e-01
1.373408863888655462e-01 8.216019505789353694e-01 5.490527397673874432e-01
-1.373408863888654630e-01 8.216019505789353694e-01 5.490527397673874432e-01
-3.595631086110877006e-01 7.717099531812036117e-01 7.026045187951769355e-01
-4.444444444444444198e-01 6.909830056250524377e-01 9.510565162951534202e-01
-3.595631086110878116e-01 6.102560580689011527e-01 1.199508513795130016e+00
-1.373408863888656017e-01 5.603640606711693950e-01 1.353060292822919619e+00
1.373408863888654907e-01 8.512882140083375404e-01 1.414898130563030154e+00
3.595631086110877561e-01 8.681647415530033829e-01 1.254328696781352948e+00
4.444444444444444198e-01 8.954715367323465847e-01 9.945218953682732899e-01
3.595631086110877561e-01 9.227783319116897864e-01 7.347150939551937432e-01
1.373408863888655462e-01 9.396548594563556289e-01 5.741456601735163146e-01
-1.373408863888654630e-01 9.396548594563556289e-01 5.741456601735163146e-01
-3.595631086110877006e-01 9.227783319116897864e-01 7.347150939551936322e-01
-4.444444444444444198e-01 8.954715367323465847e-01 9.945218953682731788e-01
-3.595631086110878116e-01 8.681647415530033829e-01 1.254328696781352726e+00
-1.373408863888656017e-01 8.512882140083375404e-01 1.414898130563030154e+00
