7.976999999999999716e-03 -7.904100000000000015e-02 2.303109999999999880e-01
-9.986499999999999544e-02 4.295899999999999719e-02 2.866299999999999959e-01
-6.858999999999999819e-02 1.002939999999999943e-01 2.988299999999999845e-01
-9.232200000000000129e-02 -6.474299999999999500e-02 -4.807839999999999892e-01
7.701700000000000212e-02 -3.533700000000000035e-02 8.491200000000000137e-02
-5.745200000000000307e-02 7.771400000000000530e-02 4.497689999999999744e-01
9.030000000000000526e-02 1.706200000000000078e-02 3.093350000000000266e-01
-3.325999999999999963e-03 -8.337100000000000066e-02 1.643789999999999973e-01
7.637800000000000145e-02 2.644119999999999804e-01 3.546699999999999853e-02
-9.414400000000000546e-02 -3.756600000000000217e-02 1.044250000000000039e-01
3.500500000000000139e-02 1.010970000000000063e-01 -2.286990000000000134e-01
-1.021159999999999984e-01 -4.041700000000000154e-02 3.019549999999999734e-01
4.775299999999999684e-02 2.337450000000000083e-01 8.736399999999999721e-02
1.103959999999999941e-01 4.788699999999999901e-02 -4.705320000000000058e-01
8.016800000000000315e-02 4.437499999999999778e-02 6.536000000000000143e-02
4.124400000000000288e-02 -1.202820000000000000e-01 -1.074819999999999942e-01
-7.441899999999999904e-02 -2.968600000000000058e-02 -3.998950000000000005e-01
9.535699999999999732e-02 3.945499999999999702e-02 -2.115200000000000066e-02
-5.860300000000000231e-02 1.165530000000000038e-01 -3.940099999999999852e-02
7.341000000000000303e-02 -7.203900000000000581e-02 -1.672099999999999975e-01
6.225999999999999764e-03 -6.650599999999999568e-02 -4.880120000000000013e-01
3.751100000000000267e-02 6.162399999999999822e-02 2.667809999999999904e-01
-9.614799999999999736e-02 1.189059999999999978e-01 -1.202270000000000005e-01
-2.767299999999999968e-02 -8.259999999999999981e-03 -4.670540000000000247e-01
-3.154200000000000059e-02 8.557099999999999429e-02 2.367509999999999892e-01
-1.671500000000000069e-02 1.416109999999999869e-01 -2.872049999999999881e-01
1.326660000000000061e-01 1.776959999999999928e-01 5.305599999999999900e-02
7.122000000000000552e-02 5.582499999999999962e-02 -1.848100000000000021e-01
1.798699999999999952e-02 3.575899999999999912e-02 -2.900809999999999778e-01
-8.034600000000000075e-02 4.020300000000000262e-02 -4.812109999999999999e-01
-3.672299999999999870e-02 1.385429999999999995e-01 -2.179580000000000128e-01
-6.637500000000000344e-02 -1.282270000000000076e-01 1.282010000000000094e-01
3.828000000000000153e-02 -5.127500000000000113e-02 -4.169280000000000208e-01
-8.136300000000000476e-02 1.456409999999999927e-01 7.951300000000000034e-02
-1.604039999999999910e-01 6.489899999999999836e-02 -1.426449999999999940e-01
-1.252500000000000002e-01 -8.302999999999999617e-03 3.762559999999999794e-01
-6.675100000000000477e-02 -7.913599999999999801e-02 3.717400000000000149e-01
-7.599400000000000599e-02 -1.476389999999999925e-01 5.754200000000000287e-02
1.985500000000000112e-02 -5.091199999999999892e-02 4.227569999999999939e-01
-6.149400000000000005e-02 1.987879999999999925e-01 4.461600000000000288e-02
1.672799999999999981e-02 -1.213499999999999995e-01 -3.016750000000000265e-01
9.810000000000000664e-02 -5.761299999999999755e-02 2.379910000000000081e-01
-7.655299999999999605e-02 -7.360899999999999388e-02 4.782000000000000139e-02
1.020130000000000065e-01 -6.298600000000000032e-02 -8.876199999999999368e-02
3.110699999999999923e-02 -1.894840000000000135e-01 7.347000000000000232e-03
-9.314500000000000557e-02 -9.283099999999999685e-02 -4.198080000000000145e-01
-1.090299999999999950e-02 2.443160000000000054e-01 2.121599999999999875e-02
2.321399999999999852e-02 -1.265149999999999886e-01 -1.844020000000000103e-01
-8.082499999999999407e-02 1.161729999999999985e-01 -2.755960000000000076e-01
-5.555899999999999728e-02 -1.320179999999999965e-01 -4.771429999999999838e-01
-4.031099999999999961e-02 -1.362359999999999960e-01 -2.046800000000000008e-01
-5.425699999999999967e-02 -2.121069999999999900e-01 6.038700000000000317e-02
-5.628500000000000170e-02 1.409030000000000005e-01 -3.484780000000000100e-01
-1.083360000000000017e-01 -1.073169999999999957e-01 -1.691179999999999906e-01
-6.530099999999999794e-02 -1.251009999999999900e-01 -1.067619999999999958e-01
-7.640900000000000469e-02 -1.036200000000000038e-01 -3.219299999999999939e-02
-2.069999999999999792e-03 1.129740000000000050e-01 -3.409000000000000138e-03
7.186700000000000033e-02 -2.757700000000000082e-02 1.557010000000000061e-01
-1.203339999999999965e-01 4.358100000000000168e-02 4.173609999999999820e-01
1.282320000000000126e-01 -1.770019999999999927e-01 4.889000000000000290e-02
1.163440000000000030e-01 4.207999999999999935e-03 -7.918899999999999550e-02
-1.563549999999999940e-01 -3.150200000000000222e-02 -9.875399999999999456e-02
2.453100000000000072e-02 -1.393449999999999966e-01 -4.674730000000000274e-01
1.265900000000000011e-02 -1.050190000000000012e-01 8.486799999999999899e-02
3.979200000000000098e-02 1.215770000000000045e-01 -1.598819999999999963e-01
-9.585799999999999876e-02 8.253800000000000026e-02 -3.458060000000000023e-01
4.128799999999999831e-02 -8.285599999999999909e-02 -2.305570000000000119e-01
5.111700000000000271e-02 -4.192599999999999799e-02 2.829499999999999793e-01
-8.129599999999999327e-02 -5.700100000000000305e-02 1.903459999999999874e-01
5.392600000000000171e-02 1.042499999999999954e-01 -4.537200000000000261e-02
3.840600000000000264e-02 4.049500000000000322e-02 -4.924009999999999776e-01
8.676100000000000478e-02 -4.114000000000000296e-02 7.410000000000000137e-04
9.573399999999999965e-02 -3.572000000000000088e-03 -1.676489999999999925e-01
1.785600000000000034e-02 -2.542179999999999995e-01 1.836399999999999838e-02
7.101799999999999780e-02 -1.924500000000000169e-02 -4.769789999999999863e-01
7.828100000000000336e-02 1.155699999999999956e-02 2.229039999999999910e-01
-1.238439999999999958e-01 -2.249200000000000157e-02 4.421399999999999775e-01
2.477400000000000088e-02 -1.215979999999999978e-01 -3.932930000000000037e-01
-5.623800000000000326e-02 2.003800000000000026e-02 -3.393869999999999942e-01
1.607199999999999948e-02 5.176300000000000345e-02 4.410450000000000204e-01
3.210699999999999665e-02 1.063680000000000042e-01 -3.289110000000000089e-01
6.109900000000000053e-02 -9.628499999999999559e-02 -4.426200000000000273e-02
-1.156250000000000056e-01 7.013500000000000290e-02 -3.314500000000000085e-02
-1.363260000000000027e-01 -1.753199999999999897e-02 -3.498600000000000321e-02
-1.156399999999999963e-02 -1.424630000000000063e-01 2.613800000000000151e-02
-9.628000000000000447e-02 -6.201899999999999774e-02 -2.271019999999999983e-01
-1.058710000000000068e-01 3.014000000000000186e-03 2.305139999999999967e-01
5.587500000000000105e-02 -2.049290000000000000e-01 7.877599999999999880e-02
9.246300000000000352e-02 7.578899999999999526e-02 -1.230369999999999936e-01
-4.485299999999999704e-02 -7.986400000000000443e-02 4.403219999999999912e-01
1.050679999999999947e-01 -8.985700000000000631e-02 -4.751290000000000235e-01
-7.782200000000000228e-02 7.647299999999999931e-02 3.698839999999999906e-01
-8.526599999999999457e-02 -4.215300000000000297e-02 -3.321569999999999800e-01
-1.527399999999999938e-02 -3.429399999999999810e-02 4.850510000000000099e-01
-3.809999999999999910e-04 1.347909999999999942e-01 -9.043500000000000150e-02
2.603000000000000105e-02 4.494000000000000078e-02 -3.625229999999999841e-01
1.528900000000000051e-02 1.497300000000000020e-01 4.902800000000000213e-02
1.419569999999999999e-01 -2.433960000000000012e-01 6.554500000000000604e-02
1.158170000000000033e-01 2.429679999999999895e-01 9.982199999999999407e-02
3.008999999999999869e-02 7.079499999999999682e-02 3.693589999999999929e-01
-6.696199999999999375e-02 1.292200000000000015e-01 -4.720389999999999864e-01
-1.271549999999999903e-01 2.367599999999999913e-02 -1.930640000000000134e-01
-9.352699999999999902e-02 4.159199999999999703e-02 1.481079999999999897e-01
-6.560699999999999865e-02 -9.413900000000000046e-02 2.763349999999999973e-01
1.861000000000000154e-02 -3.427800000000000291e-02 -3.480400000000000160e-01
7.699000000000000114e-03 -7.403400000000000258e-02 3.593000000000000083e-01
-1.480300000000000019e-02 9.497700000000000586e-02 -4.944299999999999806e-01
3.130899999999999656e-02 -1.276099999999999977e-02 -2.325349999999999917e-01
-4.768599999999999922e-02 -1.391580000000000039e-01 -2.949129999999999807e-01
-2.780600000000000085e-02 1.442420000000000091e-01 -1.515849999999999975e-01
-7.254199999999999537e-02 7.974000000000000185e-03 -2.321080000000000088e-01
-7.737199999999999633e-02 7.565299999999999803e-02 5.440400000000000097e-02
-6.669899999999999440e-02 1.068230000000000013e-01 1.355989999999999973e-01
1.632499999999999923e-02 1.014420000000000044e-01 9.965200000000000446e-02
-1.269039999999999890e-01 -9.722500000000000586e-02 -9.596399999999999375e-02
4.344499999999999751e-02 1.972550000000000137e-01 8.874999999999999209e-03
5.885300000000000253e-02 -3.131199999999999956e-02 3.547890000000000210e-01
-1.536470000000000058e-01 -3.171000000000000207e-02 -1.670639999999999903e-01
6.456099999999999339e-02 1.308699999999999863e-01 -4.733609999999999762e-01
-4.282099999999999795e-02 -1.445369999999999988e-01 -3.789390000000000258e-01
-2.143000000000000113e-02 1.713590000000000113e-01 1.168850000000000028e-01
1.108800000000000063e-02 1.353340000000000098e-01 -3.856939999999999813e-01
3.907100000000000156e-02 6.606499999999999873e-02 1.732789999999999886e-01
-9.108700000000000130e-02 9.921000000000000651e-02 -2.097249999999999948e-01
-1.892299999999999885e-02 -1.728899999999999881e-01 1.155260000000000037e-01
-1.167080000000000062e-01 7.318999999999999985e-03 2.821099999999999997e-02
-8.994999999999999524e-03 -1.272890000000000132e-01 -6.325600000000000667e-02
-3.347300000000000275e-02 -1.103999999999999947e-02 -2.822640000000000149e-01
-6.023400000000000282e-02 2.811299999999999910e-02 4.942730000000000179e-01
-8.328399999999999692e-02 4.239300000000000013e-02 -4.017740000000000200e-01
7.570899999999999852e-02 -2.720219999999999860e-01 6.400400000000000533e-02
-1.490329999999999988e-01 3.264700000000000241e-02 -8.231299999999999728e-02
-5.026000000000000086e-03 1.435909999999999964e-01 -4.491990000000000149e-01
5.849900000000000239e-02 7.222000000000000641e-02 -4.365950000000000109e-01
1.427400000000000023e-02 2.287900000000000003e-02 -4.260610000000000230e-01
