0.000000000000000000e+00 3.299999999999999822e+00 0.000000000000000000e+00
5.140716515441677847e-01 3.649999999999999911e+00 -3.212947822151048793e-01
5.140716515441678958e-01 4.349999999999999645e+00 -3.212947822151049349e-01
7.269488860775506552e-17 4.700000000000000178e+00 -4.543430537984691749e-17
-5.140716515441676737e-01 4.350000000000000533e+00 3.212947822151048238e-01
-5.140716515441677847e-01 3.649999999999999911e+00 3.212947822151048793e-01
2.698638008655105391e-01 3.197055358095101329e+00 4.678780364644252732e-01
8.583802780214835337e-01 3.506548340849900747e+00 2.491031527563988268e-01
1.011134738896672713e+00 4.156455177080453645e+00 4.595483449170271184e-01
5.753727226158884545e-01 4.496869030556206681e+00 8.887684207856820784e-01
-1.314375454008454014e-02 4.187376047801407708e+00 1.107543304493708636e+00
-1.658982154152736643e-01 3.537469211570854810e+00 8.970981123330801221e-01
4.614769398866845895e-01 2.918793893163128761e+00 8.678679259711145066e-01
1.113071457454783086e+00 3.124770796641981097e+00 7.162166816357636856e-01
1.417638960687076732e+00 3.629077539391631468e+00 1.094255496034609143e+00
1.070611946351271548e+00 3.927407378662429505e+00 1.623945554768805755e+00
4.190174287831731070e-01 3.721430475183577613e+00 1.775596799104156798e+00
1.144499255508794056e-01 3.217123732433926797e+00 1.397557984705311007e+00
5.167377760429362477e-01 2.544655111339115816e+00 1.169857801823297461e+00
1.196361580960769277e+00 2.593193055515687906e+00 1.009372438739559730e+00
1.645549631206901120e+00 2.870758023571901685e+00 1.468924159467522195e+00
1.415113876535200266e+00 3.099785047451543374e+00 2.088961243279222835e+00
7.354900716173674580e-01 3.051247103274971284e+00 2.249446606362960566e+00
2.863020213712351714e-01 2.773682135218757061e+00 1.789894885634998101e+00
4.176690507912452777e-01 2.167050535238590037e+00 1.406439251237559418e+00
1.049664814150568004e+00 2.049372227073816610e+00 1.129431722669573590e+00
1.616803516371530636e+00 2.047432799632671774e+00 1.539736403442682144e+00
1.551946455233170763e+00 2.163171680356300364e+00 2.227048612783776971e+00
9.199506918738484806e-01 2.280849988521073790e+00 2.504056141351763021e+00
3.528119896528852939e-01 2.282789415962218627e+00 2.093751460578654022e+00
2.049009926496344614e-01 1.837622601590808147e+00 1.670491075889743549e+00
6.612395605119502084e-01 1.632933093059560026e+00 1.180738774640829991e+00
1.275490612151307435e+00 1.354985494033757565e+00 1.368995986337315340e+00
1.433403095928349025e+00 1.281727403539203225e+00 2.047005499282714691e+00
9.770645280660334997e-01 1.486416912070451346e+00 2.536757800531628249e+00
3.628134764266758294e-01 1.764364511096253807e+00 2.348500588835142455e+00
-1.359652390110488440e-03 1.504539052323925929e+00 2.065301811450638070e+00
1.095687139983511083e-01 1.411731304889320082e+00 1.380406476712182195e+00
6.109283663884617077e-01 9.741795506731751875e-01 1.163180876614860138e+00
1.001359652390111155e+00 6.294355438916361400e-01 1.630850611255993954e+00
8.904312860016497799e-01 7.222432913262419873e-01 2.315745945994449606e+00
3.890716336115387364e-01 1.159795045542387104e+00 2.532971546091771664e+00
-1.932179620882674975e-02 9.750624171611009805e-01 2.511232083281520033e+00
-3.361421790305047508e-01 1.239308921465542390e+00 1.945724673965242513e+00
-2.296646400740198768e-01 9.495882808598377078e-01 1.317453646378588417e+00
1.936332817041430676e-01 3.956211359496916713e-01 1.254690028108212285e+00
5.104536645258210825e-01 1.313746316452502061e-01 1.820197437424489584e+00
4.039761255693362085e-01 4.210952722509549995e-01 2.448468465011143902e+00
3.814502873463021526e-02 2.517092295864742924e-01 2.607129372865819583e+00
-4.085505672143088240e-01 7.897434806809406904e-01 2.575789474827716141e+00
-7.887157392746076967e-01 8.958028729287228487e-01 1.997666782600197699e+00
-7.221853153859676411e-01 4.638280140820384423e-01 1.450883988410781811e+00
-2.754897194370287128e-01 -7.420623701242790027e-02 1.482223886448884809e+00
1.046754526232704929e-01 -1.802656292602101140e-01 2.060346578676403695e+00
-1.115868190322303333e-01 -3.221911790887444504e-01 2.470513090430129566e+00
-3.679135190650648646e-01 1.878244034990735334e-01 2.875705302062936841e+00
-9.634334812193818820e-01 5.100155825878180949e-01 2.698085430446259370e+00
-1.302626743340864479e+00 3.221911790887448390e-01 2.115273347196774623e+00
-1.046300043308030281e+00 -1.878244034990730615e-01 1.710081135563967347e+00
-4.507800811537128194e-01 -5.100155825878179838e-01 1.887701007180644819e+00
-3.415450610514477736e-01 -7.587982577856680066e-01 2.408159521222529076e+00
-3.595754109826476697e-01 -3.897670722136986621e-01 3.002710520344307188e+00
-9.577229707171082129e-01 -9.252217281493685386e-02 3.212150169324937909e+00
-1.537840180520368971e+00 -1.643084589881443902e-01 2.827038819183790075e+00
-1.519809830589169408e+00 -5.333396445601137348e-01 2.232487820062011519e+00
-9.216622708547084208e-01 -8.305845439588757095e-01 2.023048171081380797e+00
-4.948559153322369397e-01 -1.187756198998921153e+00 2.430589003306441231e+00
-3.237564791959307575e-01 -9.590875068055044750e-01 3.069678677893967755e+00
-8.250952619554390299e-01 -8.272007574097977045e-01 3.540067145264340631e+00
-1.497533480851254151e+00 -9.239827002075076123e-01 3.371365938047186983e+00
-1.668632916987560444e+00 -1.152651392400924291e+00 2.732276263459660903e+00
-1.167294134228051838e+00 -1.284538141796631061e+00 2.261887796089287583e+00
-5.020574856784454365e-01 -1.657351548416136078e+00 2.440374414516494284e+00
-1.971054483306418081e-01 -1.545842196731032292e+00 3.060511431154101292e+00
-5.610733664366351903e-01 -1.638490648314895104e+00 3.651225929883141763e+00
-1.229993321890432423e+00 -1.842648451583861702e+00 3.621803411974575226e+00
-1.534945359238236273e+00 -1.954157803268965488e+00 3.001666395336968662e+00
-1.170977441132242669e+00 -1.861509351685102676e+00 2.410951896607927747e+00
-3.598221273016518618e-01 -2.134960321345028333e+00 2.340879236868779412e+00
4.247863746542224206e-02 -2.122742372467456562e+00 2.913596284277927495e+00
-1.712756715839715560e-01 -2.442685664700409376e+00 3.498357248363214822e+00
-7.873307454004394579e-01 -2.774846905810934850e+00 3.510401165039354954e+00
-1.189631510167513673e+00 -2.787064854688506621e+00 2.937684117630207314e+00
-9.758772011181198192e-01 -2.467121562455553807e+00 2.352923153544919099e+00
-1.125432457225442329e-01 -2.543645418405898972e+00 2.084632851946080390e+00
3.707459418993994671e-01 -2.613201608526332986e+00 2.586223818315742662e+00
3.096410099550134243e-01 -3.122096026212857200e+00 3.062976016988769867e+00
-2.347531096113164573e-01 -3.561434253778946513e+00 3.038137249292134801e+00
-7.180422972332601850e-01 -3.491878063658512499e+00 2.536546282922472972e+00
-6.569373652888741422e-01 -2.982983645971988285e+00 2.059794084249445323e+00
1.671600291381825087e-01 -2.807112186703489609e+00 1.686539124829568692e+00
7.265012438822031626e-01 -2.924990913222393907e+00 2.090571315778464001e+00
8.181602598465411713e-01 -3.552471241610027253e+00 2.386995104093430964e+00
3.504780610668580820e-01 -4.062072843478757633e+00 2.279386701459502618e+00
-2.088631536771626274e-01 -3.944194116959853336e+00 1.875354510510607531e+00
-3.005221696415005250e-01 -3.316713788572219102e+00 1.578930722195640346e+00
3.986277669476927521e-01 -2.887660694323889832e+00 1.209057662535212296e+00
1.027486568417497637e+00 -2.993052652318976659e+00 1.497898696676696950e+00
1.271646411156344136e+00 -3.644316130745765658e+00 1.576904094347876484e+00
8.869474524253856407e-01 -4.190187651177467387e+00 1.367068457877571142e+00
2.580886509555809227e-01 -4.084795693182381449e+00 1.078227423736086266e+00
1.392880821673425640e-02 -3.433532214755592005e+00 9.992220260649068431e-01
5.132698790448448900e-01 -2.807255833766787667e+00 7.290195549665016150e-01
1.188124213017972108e+00 -2.815729574611054886e+00 9.147608364140863424e-01
1.581162121009777266e+00 -3.379094740607674563e+00 7.800727054484137835e-01
1.299345695028455205e+00 -3.933986165760027021e+00 4.596432930351565527e-01
6.244913610553282091e-01 -3.925512424915759802e+00 2.739020115875717698e-01
2.314534530635228293e-01 -3.362147258919139681e+00 4.085901425532443287e-01
4.747334241503136099e-01 -2.644540913916802349e+00 2.962159050693317641e-01
1.138080161089984665e+00 -2.472811053747795640e+00 4.393241218768373924e-01
1.663346736939671278e+00 -2.828270139830993735e+00 1.431082168075061001e-01
1.525266575849686390e+00 -3.355459086083198095e+00 -2.962159050693309315e-01
8.619198389100155566e-01 -3.527188946252205248e+00 -4.393241218768367262e-01
3.366532630603287224e-01 -3.171729860169007154e+00 -1.431082168075052397e-01
2.980595247540337445e-01 -2.502234626539290296e+00 -1.029728089919011436e-01
8.434444467013147984e-01 -2.117777416983814831e+00 1.085642821608683306e-01
1.451692708983931324e+00 -2.153768308754365979e+00 -2.360205508479825132e-01
1.514556049319266684e+00 -2.574216410080392148e+00 -7.921424750096029976e-01
9.691711273719859632e-01 -2.958673619635868057e+00 -1.003679566162372527e+00
3.609228650893691048e-01 -2.922682727865316910e+00 -6.590947331535215170e-01
6.857558833969201739e-02 -2.443178765188823931e+00 -5.591654644683919928e-01
3.383653612381410936e-01 -1.940003622459811172e+00 -1.541614469833291201e-01
9.125773825849879950e-01 -1.596056409235758311e+00 -3.590537822625580189e-01
1.216999631033385931e+00 -1.755284338740717764e+00 -9.689501350268499014e-01
9.472098581349371882e-01 -2.258459481469730079e+00 -1.373954152511912774e+00
3.729978367880898427e-01 -2.602406694693783606e+00 -1.169061817232683875e+00
-4.115986278470340487e-02 -2.371915422376986715e+00 -1.182804394920229818e+00
-1.972777292551863293e-01 -2.058385451878275152e+00 -5.767300023183140611e-01
1.027011786320377873e-01 -1.448029937116796173e+00 -4.109626942535502536e-01
5.587979529897448838e-01 -1.151204392854029201e+00 -8.512697787907023139e-01
7.149158194602280858e-01 -1.464734363352740543e+00 -1.457344171392618071e+00
4.149369115730036639e-01 -2.075089878114219744e+00 -1.623111479457381989e+00
3.420966827303628666e-02 -1.976551285145614179e+00 -1.804710905536696108e+00
-4.147608239257054574e-01 -2.200546961054396178e+00 -1.316600841812347822e+00
-6.226186698656714924e-01 -1.767722498530227782e+00 -8.072305437757798519e-01
-3.815060236068958943e-01 -1.110902360097277608e+00 -7.859703094635601683e-01
6.746446859184576650e-02 -8.869066841884953867e-01 -1.274080373187908233e+00
2.753223145318119958e-01 -1.319731146712664005e+00 -1.783450671224476647e+00
-3.030847523949498079e-02 -1.389425620479422641e+00 -2.111881770589207896e+00
-3.801159231263883109e-01 -1.986095892897219883e+00 -2.004088749406341741e+00
-9.233838842379384904e-01 -1.998492316959052051e+00 -1.562833436576934298e+00
-1.116844397462595229e+00 -1.414218468603087198e+00 -1.229371144930392568e+00
-7.670369495757022316e-01 -8.175481961852898438e-01 -1.337164166113258723e+00
-2.237689884641517191e-01 -8.051517721234575653e-01 -1.778419478942666387e+00
-2.521498297965301116e-01 -9.439089395488085010e-01 -2.304580685367438875e+00
-3.617805344397421186e-01 -1.609573306761398648e+00 -2.491321304470232256e+00
-9.756561084276497153e-01 -1.915664367212590813e+00 -2.351804128563888430e+00
-1.479900977772345527e+00 -1.556091060451192387e+00 -2.025546333554751222e+00
-1.370270273129133631e+00 -8.904266932386023514e-01 -1.838805714451957840e+00
-7.563946991412257015e-01 -5.843356327874101863e-01 -1.978322890358301667e+00
-4.488653869580179201e-01 -6.019863939272281916e-01 -2.550133548156852559e+00
-3.461806481817277792e-01 -1.201932475789254884e+00 -2.895850980868666102e+00
-8.935099593154551822e-01 -1.596197492212823033e+00 -3.082895686750449116e+00
-1.543524009225473170e+00 -1.390516426774364600e+00 -2.924222959920418585e+00
-1.646208748001763311e+00 -7.905703449123380189e-01 -2.578505527208605486e+00
-1.098879436868035686e+00 -3.963053284887696481e-01 -2.391460821326822028e+00
-5.181894345826864035e-01 -2.516673042624389400e-01 -2.839238338381979254e+00
-2.611519112169499168e-01 -7.493020671759332840e-01 -3.259108978367723619e+00
-6.826550974201714972e-01 -1.077970470528170299e+00 -3.711117987855834688e+00
-1.361195806989129675e+00 -9.090041109669129149e-01 -3.743256357358201392e+00
-1.618233330354866162e+00 -4.113693480534186819e-01 -3.323385717372457027e+00
-1.196730144151644470e+00 -8.270094470118150021e-02 -2.871376707884345514e+00
-4.326568868070494456e-01 1.658432363775786678e-01 -3.084874287320393371e+00
-6.632952335630015739e-02 -2.240931042932282902e-01 -3.536265373864515560e+00
-3.407794177357991172e-01 -3.899363406708076241e-01 -4.158497867730668318e+00
-9.815566755660474207e-01 -1.658432363775801111e-01 -4.329339275052699776e+00
-1.347884039016796764e+00 2.240931042932267914e-01 -3.877948188508578031e+00
-1.073434144637297694e+00 3.899363406708062918e-01 -3.255715694642424829e+00
-2.198089105677358546e-01 6.398171518982691541e-01 -3.192015998881856387e+00
2.320560654899047059e-01 3.584750254581982043e-01 -3.646619838837709349e+00
1.098448327319718754e-01 4.027783177272533655e-01 -4.334443677390800609e+00
-4.642313760836017100e-01 7.284237364363795875e-01 -4.567663675988039351e+00
-9.160963521412421873e-01 1.009765862876450537e+00 -4.113059836032186389e+00
-7.938851193833094122e-01 9.654625706073953761e-01 -3.425235997479094241e+00
5.660386881122223685e-02 1.109756535536783550e+00 -3.104805560186815416e+00
5.858967886339681019e-01 9.318553737827943717e-01 -3.526943193752093642e+00
6.164486625704053147e-01 1.188877921644627911e+00 -4.177332302585861967e+00
1.177076166840965582e-01 1.623801631260450851e+00 -4.405583777854351624e+00
-4.115853031386492167e-01 1.801702793014440473e+00 -3.983446144289073843e+00
-4.421371770750864849e-01 1.544680245152606490e+00 -3.333057035455305517e+00
3.167242877047281580e-01 1.502327736986968088e+00 -2.827575995899735517e+00
9.192783695126032217e-01 1.401729259613740286e+00 -3.169348617458069839e+00
1.102554081807874065e+00 1.832414224518989165e+00 -3.689848832911652554e+00
6.832757122952700657e-01 2.363697666797465846e+00 -3.868576426806900059e+00
8.072163048739505742e-02 2.464296144170693648e+00 -3.526803805248565737e+00
-1.025540818078760075e-01 2.033611179265444768e+00 -3.006303589794983022e+00
4.847136585774217132e-01 1.770492519731812209e+00 -2.419890450815429972e+00
1.145779989017861045e+00 1.686598898992618389e+00 -2.634257349279908400e+00
1.480218374729431297e+00 2.213157034815036006e+00 -2.951885269592117833e+00
1.153590430000562161e+00 2.823608791376647886e+00 -3.055146291439848838e+00
4.925240995601229410e-01 2.907502412115841928e+00 -2.840779392975370410e+00
1.580857138485525226e-01 2.380944276293424089e+00 -2.523151472663160977e+00
5.089251768936770004e-01 1.922728159128130887e+00 -1.969007357311479023e+00
1.186648836688126929e+00 1.760898046214643964e+00 -2.036101734939003816e+00
1.662531412806657727e+00 2.269325438002935957e+00 -2.107076103736093220e+00
1.460690329130739151e+00 2.939582942704714430e+00 -2.110956094905657832e+00
7.829666693362895558e-01 3.101413055618201575e+00 -2.043861717278133039e+00
3.070840932177580918e-01 2.592985663829909360e+00 -1.972887348481043635e+00
3.816771621770420619e-01 2.030237911862589062e+00 -1.545312073922839646e+00
9.905216251040350750e-01 1.687267282026347903e+00 -1.504329552857472940e+00
1.574770289216060881e+00 2.030961713475060826e+00 -1.329607956383371814e+00
1.550174490401094118e+00 2.717626774760015351e+00 -1.195868880974636950e+00
9.413300274741014384e-01 3.060597404596256954e+00 -1.236851402040003434e+00
3.570813633620749661e-01 2.716902973147543587e+00 -1.411572998514104782e+00
1.575679290837714852e-01 2.200439209380975036e+00 -1.151963606837892229e+00
5.589469163522651218e-01 1.627555673757157706e+00 -1.125518131034408897e+00
1.167423430387471317e+00 1.642171553178853882e+00 -7.797686437805684267e-01
1.374520957154184098e+00 2.229670968224367389e+00 -4.604646323302108990e-01
9.731419698856906830e-01 2.802554503848185163e+00 -4.869101081336940640e-01
3.646654558504840438e-01 2.787938624426488765e+00 -8.326595953875348677e-01
-2.465221356214791770e-02 2.494213767466435971e+00 -6.845648623222770901e-01
-1.113334187498093986e-03 1.818177612502762663e+00 -8.646232926711991951e-01
4.461571411153493205e-01 1.385848168783920586e+00 -5.436242677254504718e-01
8.698887370435469668e-01 1.629554880028752040e+00 -4.256681243077975463e-02
8.463498576688972541e-01 2.305591034992425570e+00 1.374916179181422948e-01
3.990793823660496731e-01 2.737920478711267869e+00 -1.835074070276065117e-01
-1.410012993279411794e-16 2.700000000000000178e+00 -1.067182170539625944e-15
-3.787012465603212807e-01 2.349999999999999201e+00 -4.733765582004026973e-01
-3.787012465603206146e-01 1.649999999999999467e+00 -4.733765582004022532e-01
1.312095943145143369e-15 1.300000000000000044e+00 2.052453705905461820e-17
3.787012465603224465e-01 1.650000000000000355e+00 4.733765582004016426e-01
3.787012465603217248e-01 2.350000000000000977e+00 4.733765582004011430e-01
2.465221356214808424e-02 2.494213767466436416e+00 6.845648623222759799e-01
-3.990793823660494510e-01 2.737920478711267869e+00 1.835074070276055125e-01
-8.463498576688974762e-01 2.305591034992426458e+00 -1.374916179181429610e-01
-8.698887370435481881e-01 1.629554880028752928e+00 4.256681243077897747e-02
-4.461571411153508748e-01 1.385848168783920809e+00 5.436242677254493616e-01
1.113334187497483363e-03 1.818177612502762663e+00 8.646232926711980848e-01
-1.575679290837707081e-01 2.200439209380975925e+00 1.151963606837891119e+00
-3.646654558504840993e-01 2.787938624426488765e+00 8.326595953875330913e-01
-9.731419698856902389e-01 2.802554503848184275e+00 4.869101081336921211e-01
-1.374520957154183431e+00 2.229670968224366057e+00 4.604646323302091226e-01
-1.167423430387470207e+00 1.642171553178853216e+00 7.797686437805669835e-01
-5.589469163522635675e-01 1.627555673757157928e+00 1.125518131034408231e+00
-3.816771621770407297e-01 2.030237911862588618e+00 1.545312073922838314e+00
-3.570813633620750771e-01 2.716902973147543143e+00 1.411572998514103006e+00
-9.413300274741014384e-01 3.060597404596254734e+00 1.236851402040000325e+00
-1.550174490401093896e+00 2.717626774760011799e+00 1.195868880974632953e+00
-1.574770289216059771e+00 2.030961713475057717e+00 1.329607956383368261e+00
-9.905216251040329656e-01 1.687267282026345683e+00 1.504329552857470942e+00
-5.089251768936772224e-01 1.922728159128132441e+00 1.969007357311478357e+00
-3.070840932177580918e-01 2.592985663829910692e+00 1.972887348481042524e+00
-7.829666693362886676e-01 3.101413055618202907e+00 2.043861717278131707e+00
-1.460690329130738485e+00 2.939582942704716650e+00 2.110956094905656943e+00
-1.662531412806657727e+00 2.269325438002938178e+00 2.107076103736092776e+00
-1.186648836688126929e+00 1.760898046214645962e+00 2.036101734939003371e+00
-4.847136585774220463e-01 1.770492519731815317e+00 2.419890450815427307e+00
-1.580857138485529667e-01 2.380944276293427198e+00 2.523151472663156980e+00
-4.925240995601234406e-01 2.907502412115845480e+00 2.840779392975365081e+00
-1.153590430000563050e+00 2.823608791376651883e+00 3.055146291439843509e+00
-1.480218374729432185e+00 2.213157034815040447e+00 2.951885269592113836e+00
-1.145779989017861489e+00 1.686598898992621720e+00 2.634257349279905291e+00
-3.167242877047288241e-01 1.502327736986968976e+00 2.827575995899734629e+00
1.025540818078751748e-01 2.033611179265445656e+00 3.006303589794982134e+00
-8.072163048739594560e-02 2.464296144170694980e+00 3.526803805248563961e+00
-6.832757122952712869e-01 2.363697666797467178e+00 3.868576426806898283e+00
-1.102554081807875397e+00 1.832414224518990720e+00 3.689848832911651222e+00
-9.192783695126041099e-01 1.401729259613741174e+00 3.169348617458068951e+00
-5.660386881122302788e-02 1.109756535536785105e+00 3.104805560186814972e+00
4.421371770750854857e-01 1.544680245152608489e+00 3.333057035455304629e+00
4.115853031386479954e-01 1.801702793014442694e+00 3.983446144289072510e+00
-1.177076166840980292e-01 1.623801631260453737e+00 4.405583777854350735e+00
-6.164486625704065359e-01 1.188877921644630353e+00 4.177332302585861079e+00
-5.858967886339689901e-01 9.318553737827959260e-01 3.526943193752092753e+00
2.198089105677351052e-01 6.398171518982733730e-01 3.192015998881855943e+00
7.938851193833085240e-01 9.654625706074001501e-01 3.425235997479093797e+00
9.160963521412410770e-01 1.009765862876456755e+00 4.113059836032184613e+00
4.642313760836002667e-01 7.284237364363863598e-01 4.567663675988038463e+00
-1.098448327319730411e-01 4.027783177272596382e-01 4.334443677390800609e+00
-2.320560654899057607e-01 3.584750254582030893e-01 3.646619838837709349e+00
4.326568868070489460e-01 1.658432363775800000e-01 3.084874287320394259e+00
1.073434144637297027e+00 3.899363406708078461e-01 3.255715694642425273e+00
1.347884039016795654e+00 2.240931042932290673e-01 3.877948188508578475e+00
9.815566755660465326e-01 -1.658432363775776686e-01 4.329339275052700664e+00
3.407794177357986731e-01 -3.899363406708056257e-01 4.158497867730670094e+00
6.632952335629960228e-02 -2.240931042932267081e-01 3.536265373864516004e+00
5.181894345826862924e-01 -2.516673042624376633e-01 2.839238338381979698e+00
1.196730144151644470e+00 -8.270094470118038998e-02 2.871376707884346846e+00
1.618233330354865718e+00 -4.113693480534170721e-01 3.323385717372458803e+00
1.361195806989129009e+00 -9.090041109669111385e-01 3.743256357358203612e+00
6.826550974201711641e-01 -1.077970470528168523e+00 3.711117987855836464e+00
2.611519112169494727e-01 -7.493020671759317297e-01 3.259108978367724507e+00
4.488653869580172540e-01 -6.019863939272307451e-01 2.550133548156850782e+00
1.098879436868034576e+00 -3.963053284887716465e-01 2.391460821326819364e+00
1.646208748001762645e+00 -7.905703449123397952e-01 2.578505527208600601e+00
1.543524009225473392e+00 -1.390516426774367265e+00 2.924222959920413256e+00
8.935099593154564035e-01 -1.596197492212826363e+00 3.082895686750444675e+00
3.461806481817278902e-01 -1.201932475789257992e+00 2.895850980868663438e+00
2.521498297965327762e-01 -9.439089395488056145e-01 2.304580685367440651e+00
7.563946991412306975e-01 -5.843356327874092981e-01 1.978322890358304997e+00
1.370270273129138072e+00 -8.904266932386029065e-01 1.838805714451964723e+00
1.479900977772347748e+00 -1.556091060451193053e+00 2.025546333554760103e+00
9.756561084276501594e-01 -1.915664367212589481e+00 2.351804128563895535e+00
3.617805344397422296e-01 -1.609573306761395539e+00 2.491321304470235809e+00
3.030847523949609101e-02 -1.389425620479418644e+00 2.111881770589209673e+00
2.237689884641557159e-01 -8.051517721234550118e-01 1.778419478942667054e+00
7.670369495757071165e-01 -8.175481961852899548e-01 1.337164166113261388e+00
1.116844397462599225e+00 -1.414218468603088530e+00 1.229371144930397675e+00
9.233838842379399336e-01 -1.998492316959052273e+00 1.562833436576939850e+00
3.801159231263880889e-01 -1.986095892897217219e+00 2.004088749406346182e+00
-3.420966827303642543e-02 -1.976551285145613290e+00 1.804710905536696552e+00
-2.753223145318109966e-01 -1.319731146712662673e+00 1.783450671224475981e+00
-6.746446859184365707e-02 -8.869066841884951646e-01 1.274080373187907789e+00
3.815060236068983368e-01 -1.110902360097278274e+00 7.859703094635601683e-01
6.226186698656730467e-01 -1.767722498530228670e+00 8.072305437757806290e-01
4.147608239257055684e-01 -2.200546961054396178e+00 1.316600841812348932e+00
4.115986278470346038e-02 -2.371915422376987159e+00 1.182804394920228486e+00
-4.149369115730036084e-01 -2.075089878114221076e+00 1.623111479457381101e+00
-7.149158194602285299e-01 -1.464734363352742097e+00 1.457344171392618293e+00
-5.587979529897462161e-01 -1.151204392854029646e+00 8.512697787907024249e-01
-1.027011786320392306e-01 -1.448029937116795729e+00 4.109626942535498095e-01
1.972777292551857742e-01 -2.058385451878274708e+00 5.767300023183128399e-01
-6.857558833969312762e-02 -2.443178765188823487e+00 5.591654644683915487e-01
-3.729978367880897316e-01 -2.602406694693784495e+00 1.169061817232683431e+00
-9.472098581349372992e-01 -2.258459481469733188e+00 1.373954152511913662e+00
-1.216999631033388596e+00 -1.755284338740721095e+00 9.689501350268516777e-01
-9.125773825849921028e-01 -1.596056409235759865e+00 3.590537822625597952e-01
-3.383653612381440912e-01 -1.940003622459811394e+00 1.541614469833295642e-01
-2.980595247540331894e-01 -2.502234626539290741e+00 1.029728089919022538e-01
-3.609228650893691048e-01 -2.922682727865316465e+00 6.590947331535228493e-01
-9.691711273719855191e-01 -2.958673619635866725e+00 1.003679566162373860e+00
-1.514556049319266462e+00 -2.574216410080390371e+00 7.921424750096041079e-01
-1.451692708983930657e+00 -2.153768308754364647e+00 2.360205508479836789e-01
-8.434444467013137992e-01 -2.117777416983814387e+00 -1.085642821608674979e-01
-4.747334241503127217e-01 -2.644540913916801017e+00 -2.962159050693307649e-01
-3.366532630603291665e-01 -3.171729860169005377e+00 1.431082168075066829e-01
-8.619198389100163338e-01 -3.527188946252201696e+00 4.393241218768385581e-01
-1.525266575849687278e+00 -3.355459086083193654e+00 2.962159050693330409e-01
-1.663346736939670834e+00 -2.828270139830989294e+00 -1.431082168075042960e-01
-1.138080161089983333e+00 -2.472811053747792975e+00 -4.393241218768363932e-01
-5.132698790448448900e-01 -2.807255833766787667e+00 -7.290195549665001717e-01
-2.314534530635231624e-01 -3.362147258919139681e+00 -4.085901425532426634e-01
-6.244913610553286532e-01 -3.925512424915758913e+00 -2.739020115875696049e-01
-1.299345695028456316e+00 -3.933986165760026132e+00 -4.596432930351541102e-01
-1.581162121009778154e+00 -3.379094740607674119e+00 -7.800727054484115630e-01
-1.188124213017972330e+00 -2.815729574611054442e+00 -9.147608364140846771e-01
-3.986277669476929741e-01 -2.887660694323891164e+00 -1.209057662535209632e+00
-1.392880821673458946e-02 -3.433532214755592893e+00 -9.992220260649036234e-01
-2.580886509555809227e-01 -4.084795693182382337e+00 -1.078227423736082269e+00
-8.869474524253858627e-01 -4.190187651177469164e+00 -1.367068457877566923e+00
-1.271646411156344358e+00 -3.644316130745767435e+00 -1.576904094347872931e+00
-1.027486568417497859e+00 -2.993052652318978435e+00 -1.497898696676694286e+00
-1.671600291381843406e-01 -2.807112186703490941e+00 -1.686539124829565139e+00
3.005221696414981936e-01 -3.316713788572220878e+00 -1.578930722195636127e+00
2.088631536771594632e-01 -3.944194116959855112e+00 -1.875354510510601314e+00
-3.504780610668618568e-01 -4.062072843478759410e+00 -2.279386701459495956e+00
-8.181602598465442799e-01 -3.552471241610029917e+00 -2.386995104093425191e+00
-7.265012438822056051e-01 -2.924990913222394795e+00 -2.090571315778459560e+00
1.125432457225457872e-01 -2.543645418405898084e+00 -2.084632851946080834e+00
6.569373652888760295e-01 -2.982983645971986952e+00 -2.059794084249445767e+00
7.180422972332629605e-01 -3.491878063658510278e+00 -2.536546282922473416e+00
2.347531096113196492e-01 -3.561434253778944736e+00 -3.038137249292136133e+00
-3.096410099550105377e-01 -3.122096026212856312e+00 -3.062976016988771200e+00
-3.707459418993975242e-01 -2.613201608526332542e+00 -2.586223818315743550e+00
3.598221273016504185e-01 -2.134960321345031886e+00 -2.340879236868778079e+00
9.758772011181178208e-01 -2.467121562455557804e+00 -2.352923153544917767e+00
1.189631510167510786e+00 -2.787064854688512394e+00 -2.937684117630205094e+00
7.873307454004362382e-01 -2.774846905810941067e+00 -3.510401165039352733e+00
1.712756715839688915e-01 -2.442685664700415149e+00 -3.498357248363213046e+00
-4.247863746542424046e-02 -2.122742372467460559e+00 -2.913596284277925719e+00
5.020574856784449924e-01 -1.657351548416140741e+00 -2.440374414516493395e+00
1.170977441132241781e+00 -1.861509351685108005e+00 -2.410951896607927303e+00
1.534945359238234275e+00 -1.954157803268973037e+00 -3.001666395336967330e+00
1.229993321890430202e+00 -1.842648451583870362e+00 -3.621803411974574338e+00
5.610733664366334139e-01 -1.638490648314903098e+00 -3.651225929883140875e+00
1.971054483306405869e-01 -1.545842196731038065e+00 -3.060511431154099959e+00
4.948559153322373838e-01 -1.187756198998922041e+00 -2.430589003306442120e+00
1.167294134228052283e+00 -1.284538141796632171e+00 -2.261887796089289360e+00
1.668632916987560222e+00 -1.152651392400925845e+00 -2.732276263459662236e+00
1.497533480851253707e+00 -9.239827002075093887e-01 -3.371365938047188759e+00
8.250952619554388079e-01 -8.272007574097992588e-01 -3.540067145264341963e+00
3.237564791959305355e-01 -9.590875068055055852e-01 -3.069678677893968199e+00
3.415450610514476626e-01 -7.587982577856687838e-01 -2.408159521222528632e+00
9.216622708547079768e-01 -8.305845439588763757e-01 -2.023048171081380353e+00
1.519809830589168520e+00 -5.333396445601145119e-01 -2.232487820062010631e+00
1.537840180520368971e+00 -1.643084589881451119e-01 -2.827038819183789187e+00
9.577229707171088791e-01 -9.252217281493746448e-02 -3.212150169324937465e+00
3.595754109826477807e-01 -3.897670722136994392e-01 -3.002710520344307188e+00
1.115868190322313325e-01 -3.221911790887460048e-01 -2.470513090430129566e+00
4.507800811537154839e-01 -5.100155825878186500e-01 -1.887701007180645263e+00
1.046300043308032945e+00 -1.878244034990737832e-01 -1.710081135563969568e+00
1.302626743340866478e+00 3.221911790887439508e-01 -2.115273347196778175e+00
9.634334812193825481e-01 5.100155825878166516e-01 -2.698085430446262478e+00
3.679135190650646425e-01 1.878244034990716460e-01 -2.875705302062938173e+00
-3.814502873463021526e-02 2.517092295864721829e-01 -2.607129372865819583e+00
-1.046754526232696603e-01 -1.802656292602115573e-01 -2.060346578676403695e+00
2.754897194370298230e-01 -7.420623701242884396e-02 -1.482223886448885475e+00
7.221853153859689733e-01 4.638280140820377762e-01 -1.450883988410783365e+00
7.887157392746084739e-01 8.958028729287215164e-01 -1.997666782600199253e+00
4.085505672143087685e-01 7.897434806809386920e-01 -2.575789474827717918e+00
1.932179620882616689e-02 9.750624171610969837e-01 -2.511232083281521810e+00
-4.039761255693354869e-01 4.210952722509505586e-01 -2.448468465011141681e+00
-5.104536645258169747e-01 1.313746316452479856e-01 -1.820197437424486253e+00
-1.936332817041366283e-01 3.956211359496917823e-01 -1.254690028108210731e+00
2.296646400740249838e-01 9.495882808598381519e-01 -1.317453646378590637e+00
3.361421790305064716e-01 1.239308921465541058e+00 -1.945724673965246732e+00
1.359652390110044351e-03 1.504539052323927262e+00 -2.065301811450636738e+00
-3.890716336115385143e-01 1.159795045542389547e+00 -2.532971546091771664e+00
-8.904312860016501130e-01 7.222432913262448739e-01 -2.315745945994451382e+00
-1.001359652390113153e+00 6.294355438916379164e-01 -1.630850611255995952e+00
-6.109283663884648163e-01 9.741795506731754095e-01 -1.163180876614860804e+00
-1.095687139983528846e-01 1.411731304889320526e+00 -1.380406476712181085e+00
-2.049009926496322409e-01 1.837622601590805704e+00 -1.670491075889745547e+00
-3.628134764266759404e-01 1.764364511096249366e+00 -2.348500588835143787e+00
-9.770645280660330556e-01 1.486416912070444907e+00 -2.536757800531626472e+00
-1.433403095928346804e+00 1.281727403539196342e+00 -2.047005499282711138e+00
-1.275490612151303216e+00 1.354985494033752458e+00 -1.368995986337312676e+00
-6.612395605119456565e-01 1.632933093059557139e+00 -1.180738774640829991e+00
-4.176690507912457218e-01 2.167050535238590481e+00 -1.406439251237558974e+00
-3.528119896528852939e-01 2.282789415962219515e+00 -2.093751460578653578e+00
-9.199506918738475925e-01 2.280849988521074678e+00 -2.504056141351762577e+00
-1.551946455233170763e+00 2.163171680356301696e+00 -2.227048612783776971e+00
-1.616803516371531302e+00 2.047432799632672662e+00 -1.539736403442682811e+00
-1.049664814150568670e+00 2.049372227073817498e+00 -1.129431722669573368e+00
-5.167377760429361366e-01 2.544655111339114928e+00 -1.169857801823296795e+00
-2.863020213712357265e-01 2.773682135218756617e+00 -1.789894885634997435e+00
-7.354900716173680131e-01 3.051247103274969952e+00 -2.249446606362959677e+00
-1.415113876535201154e+00 3.099785047451541597e+00 -2.088961243279221947e+00
-1.645549631206901786e+00 2.870758023571899908e+00 -1.468924159467521307e+00
-1.196361580960769055e+00 2.593193055515686574e+00 -1.009372438739558397e+00
-4.614769398866847006e-01 2.918793893163128317e+00 -8.678679259711149507e-01
-1.144499255508795166e-01 3.217123732433926353e+00 -1.397557984705311451e+00
-4.190174287831727740e-01 3.721430475183576725e+00 -1.775596799104157242e+00
-1.070611946351271548e+00 3.927407378662429061e+00 -1.623945554768806421e+00
-1.417638960687076732e+00 3.629077539391631024e+00 -1.094255496034610031e+00
-1.113071457454783308e+00 3.124770796641980652e+00 -7.162166816357640187e-01
-2.698638008655099840e-01 3.197055358095101774e+00 -4.678780364644265499e-01
1.658982154152743860e-01 3.537469211570854810e+00 -8.970981123330813434e-01
1.314375454008603894e-02 4.187376047801407708e+00 -1.107543304493709746e+00
-5.753727226158869001e-01 4.496869030556207569e+00 -8.887684207856832996e-01
-1.011134738896671159e+00 4.156455177080454533e+00 -4.595483449170285617e-01
-8.583802780214828676e-01 3.506548340849901635e+00 -2.491031527564000481e-01
4.468751721140169497e-01 3.362067368705119907e+00 6.730538676527825226e-02
8.096081407321892298e-01 3.953586437926746022e+00 -2.505252694344956010e-02
5.791725825562753505e-01 4.552684069557882296e+00 2.541991181763573193e-01
-1.399594423781111430e-02 4.560262631967392011e+00 6.258086770048922887e-01
-3.767289128559835332e-01 3.968743562745765452e+00 7.181665907136201010e-01
-1.462933546800692375e-01 3.369645931114629178e+00 4.389149455938129440e-01
7.038037320415427844e-01 3.138112144298809802e+00 5.297900066343519399e-01
1.195431197079308561e+00 3.631247227596698046e+00 6.013457558186456886e-01
1.100388894046486321e+00 4.157233042925096100e+00 1.053347838454928631e+00
5.137191259758984163e-01 4.190083774955606799e+00 1.433794171906917825e+00
2.209166093813252907e-02 3.696948691657718999e+00 1.362238422722624076e+00
1.171339639709549907e-01 3.170962876329320057e+00 9.102363400863409115e-01
8.379415151842124487e-01 2.752128094707870343e+00 8.806320875105402290e-01
1.444572516133651341e+00 3.059216097629573028e+00 1.047052600514923437e+00
1.493641834127660495e+00 3.444497727859938241e+00 1.629418694513049770e+00
9.360801511722309787e-01 3.522691355168600769e+00 2.045364275506793117e+00
3.294491502227920865e-01 3.215603352246898083e+00 1.878943762502410131e+00
2.803798322287830436e-01 2.830321722016532426e+00 1.296577668504283354e+00
7.919918819744600214e-01 2.307542647315706574e+00 1.103359203666106181e+00
1.474367230600790224e+00 2.367481656922650224e+00 1.247481369603316903e+00
1.681423570208187890e+00 2.553126052804867374e+00 1.889870527751173812e+00
1.206104561189255575e+00 2.678831439080140875e+00 2.388137519961820221e+00
5.237292125629253725e-01 2.618892429473197225e+00 2.244015354024609721e+00
3.166728729555278177e-01 2.433248033590980075e+00 1.601626195876752146e+00
5.521250512813984379e-01 1.916001671220662450e+00 1.261199428342075546e+00
1.226031560610940430e+00 1.729064756627658239e+00 1.231122748909004194e+00
1.597786041840828730e+00 1.663785378893540168e+00 1.820645614053472139e+00
1.295634013741175039e+00 1.785442915752426307e+00 2.440245158631012323e+00
6.217275044116330474e-01 1.972379830345430518e+00 2.470321838064083675e+00
2.499730231817447468e-01 2.037659208079548367e+00 1.880798972919615286e+00
1.752628284768357192e-01 1.635368564096108646e+00 1.498901496361889851e+00
6.898964958016013949e-01 1.309745419001551836e+00 1.153761299000597429e+00
1.190223874940425919e+00 9.722212565086408853e-01 1.508373697849726414e+00
1.175917586754485100e+00 9.603202391102861890e-01 2.208126294060147821e+00
6.612839194297194245e-01 1.285943384204842665e+00 2.553266491421440243e+00
1.609565402908946785e-01 1.623467546697753949e+00 2.198654092572311036e+00
-1.582640216829465651e-01 1.378916710947552637e+00 1.977147740961772371e+00
-2.544611112900213579e-02 1.177633617232034746e+00 1.319998961140646632e+00
4.335237100582179370e-01 6.635134915887251905e-01 1.197413482196856505e+00
7.596756206914938581e-01 3.506764596609330820e-01 1.731976783074192561e+00
6.268577101375496508e-01 5.519595533764506401e-01 2.389125562895318300e+00
1.678878889503291894e-01 1.066079679019760640e+00 2.511711041839108205e+00
-2.011532347768089368e-01 8.819041800188232028e-01 2.535035674666208827e+00
-5.456103816575723631e-01 1.083160307953941359e+00 1.959844189218686195e+00
-4.749833391008148054e-01 7.211084509501103357e-01 1.364923796477133688e+00
-5.989914966329376589e-02 1.578004660111608226e-01 1.345194889183103371e+00
2.845579972174696604e-01 -4.345566192395755589e-02 1.920386374630625781e+00
2.139309546607119084e-01 3.185961950798739117e-01 2.515306767372178509e+00
-1.466249739594721602e-01 2.182282824296326862e-01 2.728451325086816759e+00
-6.631388498299763956e-01 6.802784056080121156e-01 2.629845545823765285e+00
-1.053813484217327678e+00 6.500109435345110542e-01 2.049796228277456667e+00
-9.279742427341749478e-01 1.576933582826305358e-01 1.568352689994199523e+00
-4.114603668636707123e-01 -3.043567648957489213e-01 1.666958469257250997e+00
-2.078573247631931853e-02 -2.740893028222476380e-01 2.247007786803560059e+00
-2.106557047543925476e-01 -3.437543252516806480e-01 2.723467150729969255e+00
-6.427379159764408101e-01 1.048193153479764494e-01 3.042977168890018014e+00
-1.275473657034933650e+00 2.339351588001762905e-01 2.772839091313407778e+00
-1.476127186871378338e+00 -8.552263834728091041e-02 2.183190995576748339e+00
-1.044044975649330187e+00 -5.340962789469380079e-01 1.863680977416698914e+00
-4.113092345908371250e-01 -6.632121223991378489e-01 2.133819054993309372e+00
-2.991091092880501234e-01 -8.330625796230610725e-01 2.721686898414908740e+00
-5.724646342089794171e-01 -5.313994024532002758e-01 3.291139341148266784e+00
-1.264800386294739454e+00 -4.410112937064393224e-01 3.341151301528043849e+00
-1.683780613459570530e+00 -6.522863621295391656e-01 2.821710819174462870e+00
-1.410425088538641347e+00 -9.539495392993999623e-01 2.252258376441104826e+00
-7.180893364528809775e-01 -1.044337648046160805e+00 2.202246416061328205e+00
-3.100370413942982184e-01 -1.324890325643214295e+00 2.725430142732728989e+00
-4.205880855737544888e-01 -1.214965665181038990e+00 3.407848662156921726e+00
-1.064267994927682981e+00 -1.285013887041765779e+00 3.673873888231947049e+00
-1.597396860102155758e+00 -1.464986769364667873e+00 3.257480594882779634e+00
-1.486845815922699821e+00 -1.574911429826843179e+00 2.575062075458586897e+00
-8.431659065687706622e-01 -1.504863207966116390e+00 2.309036849383561574e+00
-1.969510437039453388e-01 -1.832517852446784445e+00 2.661540390039698334e+00
-1.581131400028460421e-01 -1.918418641406284264e+00 3.355163249879423937e+00
-6.984394331090251207e-01 -2.194132721730490232e+00 3.704490092376693688e+00
-1.277603629916304051e+00 -2.383946013095196825e+00 3.360194075034237837e+00
-1.316441533617403348e+00 -2.298045224135696785e+00 2.666571215194512234e+00
-7.761152405112239361e-01 -2.022331143811490595e+00 2.317244372697242483e+00
3.232977021255417638e-02 -2.306187155054506555e+00 2.460991019852212247e+00
2.092126182814214586e-01 -2.567644151751593995e+00 3.085773139424455636e+00
-2.058005842962229437e-01 -3.036058822694917669e+00 3.399383945570074061e+00
-7.976966349427347946e-01 -3.243016496941153903e+00 3.088212632143449543e+00
-9.745794830116022434e-01 -2.981559500244066463e+00 2.463430512571206155e+00
-5.595662804339573970e-01 -2.513144829300742344e+00 2.149819706425587285e+00
3.271817333037819742e-01 -2.665052044067835357e+00 2.102593708391329308e+00
6.372026230000484848e-01 -3.056594587879349234e+00 2.593084772874204358e+00
3.536402770616015045e-01 -3.667371069730548605e+00 2.784250892213787409e+00
-2.399429585731122083e-01 -3.886605007770234543e+00 2.484925947070494523e+00
-5.499638482693789410e-01 -3.495062463958721111e+00 1.994434882587619473e+00
-2.664015023309314611e-01 -2.884285982107521296e+00 1.803268763248036644e+00
6.116030627883772830e-01 -2.839315137222233165e+00 1.623918688914513853e+00
1.052474823656988301e+00 -3.285882038857603327e+00 1.934096207172037118e+00
9.026203741036433748e-01 -3.969395088040608588e+00 1.952899279942573285e+00
3.118941636816875973e-01 -4.206341235588244132e+00 1.661524834455586186e+00
-1.289775971869234206e-01 -3.759774333952874414e+00 1.351347316198062920e+00
2.087685236642172759e-02 -3.076261284769868709e+00 1.332544243427526975e+00
8.034203730592943682e-01 -2.806949306686396195e+00 1.104503737489289428e+00
1.366945510386030183e+00 -3.205498405446706833e+00 1.221114352264393244e+00
1.356878477617970979e+00 -3.884344963955677521e+00 1.050626801833950186e+00
7.832863075231756289e-01 -4.164642423704338015e+00 7.635286366284033122e-01
2.197611701964398145e-01 -3.766093324944027820e+00 6.469180218532994964e-01
2.298282029644993507e-01 -3.087246766435056688e+00 8.174055722837427762e-01
8.341084642416229933e-01 -2.614237475404429301e+00 6.292248863760754318e-01
1.493295218429768756e+00 -2.846068249273658424e+00 5.876639023875829260e-01
1.635482761308078903e+00 -3.436030864006627716e+00 2.387701995672740496e-01
1.118483549998243731e+00 -3.794162704870368774e+00 -6.856251926454270951e-02
4.592967958100981907e-01 -3.562331931001140095e+00 -2.700153527605042569e-02
3.171092529317879327e-01 -2.972369316268169914e+00 3.218921675442588670e-01
6.697038059165426604e-01 -2.371246450116521132e+00 2.417735839190694735e-01
1.360879301563555410e+00 -2.329747577032704520e+00 1.390395693480448724e-01
1.667471502766946001e+00 -2.731469225329257178e+00 -3.453372875012064580e-01
1.282888208323323731e+00 -3.174689746709626448e+00 -7.269801297794336037e-01
5.917127126763110923e-01 -3.216188619793443060e+00 -6.242461152084091136e-01
2.851205114729206125e-01 -2.814466971496889958e+00 -1.398692583591573946e-01
3.345717662781464430e-01 -2.216407859721387208e+00 -9.850879208546514665e-02
9.361409188328964071e-01 -1.858507175582920556e+00 -1.031622840836872168e-01
1.394922492845986017e+00 -1.951858408400577449e+00 -6.235515755545004701e-01
1.252134914304326330e+00 -2.403110325356700994e+00 -1.139287375027091986e+00
6.505657617495764766e-01 -2.761011009495167645e+00 -1.134633883028870027e+00
1.917841877364865333e-01 -2.667659776677510752e+00 -6.142445915580563298e-01
-4.867474253416420593e-02 -2.239057812879830411e+00 -5.401896443586058361e-01
2.651898227701806610e-01 -1.677327469533407056e+00 -2.646028957471678877e-01
7.756131785393793887e-01 -1.353288192468237838e+00 -6.174010601477102345e-01
9.721719690042331941e-01 -1.590979258749491532e+00 -1.245785973159690752e+00
6.583074036998883827e-01 -2.152709602095914665e+00 -1.521372721771129033e+00
1.478840479306894884e-01 -2.476748879161084105e+00 -1.168574557370586131e+00
-2.201604535774619453e-01 -2.281707538701965632e+00 -1.234040255594387681e+00
-3.911553274312071782e-01 -1.906248652218067718e+00 -6.685392585342470051e-01
-1.273754864884099058e-01 -1.263624853331017039e+00 -5.821977933152254758e-01
3.073992283081327659e-01 -9.964599409278638298e-01 -1.061357325156344622e+00
4.783941021618780542e-01 -1.371918827411761743e+00 -1.626858322216485186e+00
2.146142612190805044e-01 -2.014542626298812866e+00 -1.713199787435506716e+00
-1.551856516263630525e-01 -1.970853420404786505e+00 -1.898645733722975182e+00
-6.471335647670779512e-01 -2.114514937071426459e+00 -1.421834849424455260e+00
-8.746313455058030151e-01 -1.611700377788094496e+00 -9.912279768229332877e-01
-6.101812131038133469e-01 -9.652243018381225781e-01 -1.037431988519930792e+00
-1.182332999630985038e-01 -8.215627851714826235e-01 -1.514242872818450714e+00
1.092644807756265601e-01 -1.324377344454815031e+00 -1.944849745419972908e+00
-1.748457656931537985e-01 -1.497422799637758484e+00 -2.287072922336749414e+00
-6.567818388723274392e-01 -1.985117285740395365e+00 -2.146034950167113653e+00
-1.219213409989297281e+00 -1.820921171437922315e+00 -1.763007061027346500e+00
-1.299708907927093815e+00 -1.169030571032812160e+00 -1.521017144057215109e+00
-8.177728347479201743e-01 -6.813360849301750566e-01 -1.662055116226850870e+00
-2.553412636309501105e-01 -8.455321992326484404e-01 -2.045083005366618245e+00
-2.684949109407174239e-01 -1.080289299278423876e+00 -2.576055216014374594e+00
-6.080135166127157431e-01 -1.666009597994226432e+00 -2.753984550512127427e+00
-1.293235556420224697e+00 -1.726491321656058675e+00 -2.624320687909897032e+00
-1.638938990555735664e+00 -1.201252746602088362e+00 -2.316727490809913803e+00
-1.299420384883737567e+00 -6.155324478862859161e-01 -2.138798156312160970e+00
-6.141983450762280583e-01 -5.550507242244537842e-01 -2.268462018914391365e+00
-3.192286861369860729e-01 -6.926496103462091991e-01 -2.867978066142976346e+00
-4.936087449236912783e-01 -1.228075062226787750e+00 -3.283803967904787235e+00
-1.165824920160515310e+00 -1.345665251619402314e+00 -3.439682000701535625e+00
-1.663661036610634802e+00 -9.278299891314384373e-01 -3.179734131736472236e+00
-1.489280977823929542e+00 -3.924045372508598306e-01 -2.763908229974661346e+00
-8.170648025871048992e-01 -2.748143478582453225e-01 -2.608030197177912957e+00
-2.576891180068469067e-01 -2.688548020815935136e-01 -3.142529297655503928e+00
-2.769100660671147685e-01 -6.730484135921958044e-01 -3.713719353214667507e+00
-8.626123938731533602e-01 -7.124895861970703681e-01 -4.095029170956277831e+00
-1.429093773618924645e+00 -3.477371472913425854e-01 -3.905148933138724132e+00
-1.409872825558657006e+00 5.645646421925970548e-02 -3.333958877579560109e+00
-8.241704977526178588e-01 9.589763682413415813e-02 -2.952649059837949785e+00
-7.085656448786825656e-02 2.148630747414385089e-01 -3.320824904996132254e+00
5.173630720022659446e-02 -1.575696278522026317e-02 -3.970274969360182205e+00
-4.147067366587294246e-01 1.043535986031579044e-01 -4.478216245374014193e+00
-1.003742652205780628e+00 4.550841975181948995e-01 -4.336707457023797119e+00
-1.126335523893875479e+00 6.857042350448536716e-01 -3.687257392659747168e+00
-6.598924800349190711e-01 5.655936736564753931e-01 -3.179316116645914736e+00
2.058890656392152185e-01 7.247081747987014211e-01 -3.324645247543398519e+00
4.629275225403373106e-01 6.813738282648162947e-01 -3.974301592147506224e+00
1.265122646810694085e-01 9.897276010662457990e-01 -4.505096020413860813e+00
-4.669414500793206968e-01 1.341415720401560652e+00 -4.386234104076108586e+00
-7.239799069804428999e-01 1.384750066935445778e+00 -3.736577759472000881e+00
-3.875646491211746092e-01 1.076396294134015941e+00 -3.205783331205645847e+00
5.044344840264807228e-01 1.187967646384695541e+00 -3.119324954557923135e+00
8.933812087524253265e-01 1.313361510893055639e+00 -3.687653049999824795e+00
6.896525242302178338e-01 1.796306849648314774e+00 -4.151612555643818148e+00
9.697711498206568193e-02 2.153858323895214255e+00 -4.047243965845909841e+00
-2.919696097438790328e-01 2.028464459386854379e+00 -3.478915870404008182e+00
-8.824092522167115149e-02 1.545519120631594800e+00 -3.014956364760014829e+00
7.427340466046381540e-01 1.529536790851248718e+00 -2.732155876013728335e+00
1.259037616673606141e+00 1.765305195898232871e+00 -3.141843418801692156e+00
1.191893777684626343e+00 2.379382621550061305e+00 -3.471085913310898441e+00
6.084463686266790017e-01 2.757691642154905587e+00 -3.390640865032141793e+00
9.214279855771112526e-02 2.521923237107921434e+00 -2.980953322244177972e+00
1.592866375466909235e-01 1.907845811456092777e+00 -2.651710827734971243e+00
8.443711286923576420e-01 1.712167449777953099e+00 -2.244890953844479231e+00
1.470424635882759734e+00 1.957190705046528478e+00 -2.439879698422692922e+00
1.549933039701688386e+00 2.636941648901316437e+00 -2.586907138210955637e+00
1.003387936330215169e+00 3.071669337487529017e+00 -2.538945833421004661e+00
3.773344291398132988e-01 2.826646082218953637e+00 -2.343957088842790970e+00
2.978260253208845354e-01 2.146895138364165234e+00 -2.196929649054528255e+00
7.589455852150654991e-01 1.767536015374306491e+00 -1.761946237773941437e+00
1.448181854750131281e+00 1.886015286446876438e+00 -1.731680298444414401e+00
1.688284491116923469e+00 2.540204493608597236e+00 -1.665444316962787941e+00
1.239150857948650097e+00 3.075914429697748975e+00 -1.629474274810688517e+00
5.499145884135843154e-01 2.957435158625179028e+00 -1.659740214140215553e+00
3.098119520467921273e-01 2.303245951463457786e+00 -1.725976195621842013e+00
4.841966130513131739e-01 1.805082765395904509e+00 -1.359704226853865494e+00
1.140820943559000877e+00 1.655211114815436702e+00 -1.168961004333072040e+00
1.543635163685908696e+00 2.150565346701195146e+00 -8.819681664147351885e-01
1.289825053305128755e+00 2.795791229167422287e+00 -7.857185510171917908e-01
6.332007227974409957e-01 2.945662879747890095e+00 -9.764617735379852448e-01
2.303865026705331776e-01 2.450308647862131206e+00 -1.263454611456322318e+00
9.630660117765665884e-02 1.986184325490016889e+00 -1.025309257364156013e+00
5.538484093596363067e-01 1.488763796264236383e+00 -8.430229142928522545e-01
1.066303237190700637e+00 1.634036468881420845e+00 -3.888358382731859075e-01
1.121216256839785874e+00 2.276729670724385812e+00 -1.169351053248229300e-01
6.636744486578061153e-01 2.774150199950166318e+00 -2.992214483961265770e-01
1.512196208267415076e-01 2.628877527332981856e+00 -7.534085244157933126e-01
-1.935006810512326370e-01 2.400352593534819334e+00 -5.937794959586339960e-01
-1.612818633950916514e-01 1.706147508766462817e+00 -6.776916409115523177e-01
2.486584315942431400e-01 1.321798103445861461e+00 -2.602895695537824627e-01
6.263799089274373344e-01 1.631653782893615956e+00 2.410246467569059359e-01
5.941610912712964598e-01 2.325858867661972251e+00 3.249367917098242575e-01
1.842207962819612244e-01 2.710208272982574051e+00 -9.246527964794595822e-02
-1.842207962819615852e-01 2.710208272982574051e+00 9.246527964794379328e-02
-5.941610912712959047e-01 2.325858867661970919e+00 -3.249367917098257008e-01
-6.263799089274354470e-01 1.631653782893614846e+00 -2.410246467569064632e-01
-2.486584315942407808e-01 1.321798103445861239e+00 2.602895695537822407e-01
1.612818633950935110e-01 1.706147508766464149e+00 6.776916409115517625e-01
1.935006810512329978e-01 2.400352593534820667e+00 5.937794959586323307e-01
-1.512196208267414521e-01 2.628877527332982744e+00 7.534085244157917582e-01
-6.636744486578060043e-01 2.774150199950166318e+00 2.992214483961249116e-01
-1.121216256839784542e+00 2.276729670724384924e+00 1.169351053248215977e-01
-1.066303237190699083e+00 1.634036468881420179e+00 3.888358382731849083e-01
-5.538484093596344193e-01 1.488763796264236605e+00 8.430229142928516994e-01
-9.630660117765554862e-02 1.986184325490018221e+00 1.025309257364154902e+00
-2.303865026705329555e-01 2.450308647862131206e+00 1.263454611456320764e+00
-6.332007227974409957e-01 2.945662879747889651e+00 9.764617735379831354e-01
-1.289825053305128311e+00 2.795791229167420955e+00 7.857185510171893483e-01
-1.543635163685907807e+00 2.150565346701193814e+00 8.819681664147329681e-01
-1.140820943558999989e+00 1.655211114815435369e+00 1.168961004333070708e+00
-4.841966130513122302e-01 1.805082765395904287e+00 1.359704226853864384e+00
-3.098119520467916832e-01 2.303245951463458674e+00 1.725976195621838238e+00
-5.499145884135848705e-01 2.957435158625179472e+00 1.659740214140209780e+00
-1.239150857948650764e+00 3.075914429697748087e+00 1.629474274810681411e+00
-1.688284491116923469e+00 2.540204493608595904e+00 1.665444316962781057e+00
-1.448181854750130615e+00 1.886015286446875105e+00 1.731680298444409294e+00
-7.589455852150642778e-01 1.767536015374306713e+00 1.761946237773937884e+00
-2.978260253208845354e-01 2.146895138364166122e+00 2.196929649054527367e+00
-3.773344291398137429e-01 2.826646082218954081e+00 2.343957088842789194e+00
-1.003387936330215613e+00 3.071669337487529461e+00 2.538945833421001996e+00
-1.549933039701689053e+00 2.636941648901316881e+00 2.586907138210952972e+00
-1.470424635882760178e+00 1.957190705046528922e+00 2.439879698422691146e+00
-8.443711286923574200e-01 1.712167449777953543e+00 2.244890953844478343e+00
-1.592866375466930329e-01 1.907845811456097440e+00 2.651710827734965914e+00
-9.214279855771490002e-02 2.521923237107927207e+00 2.980953322244170867e+00
-6.084463686266838867e-01 2.757691642154912248e+00 3.390640865032132023e+00
-1.191893777684631228e+00 2.379382621550067523e+00 3.471085913310889115e+00
-1.259037616673609250e+00 1.765305195898237756e+00 3.141843418801684606e+00
-7.427340466046399303e-01 1.529536790851252714e+00 2.732155876013722562e+00
8.824092522167054087e-02 1.545519120631593468e+00 3.014956364760015273e+00
2.919696097438779780e-01 2.028464459386852603e+00 3.478915870404008626e+00
-9.697711498206676439e-02 2.153858323895212479e+00 4.047243965845909841e+00
-6.896525242302191661e-01 1.796306849648313442e+00 4.151612555643818148e+00
-8.933812087524266587e-01 1.313361510893054085e+00 3.687653049999825239e+00
-5.044344840264816110e-01 1.187967646384694209e+00 3.119324954557923579e+00
3.875646491211715561e-01 1.076396294134019938e+00 3.205783331205645847e+00
7.239799069804382370e-01 1.384750066935451329e+00 3.736577759472000437e+00
4.669414500793149236e-01 1.341415720401568201e+00 4.386234104076107698e+00
-1.265122646810752927e-01 9.897276010662532375e-01 4.505096020413860813e+00
-4.629275225403420291e-01 6.813738282648218458e-01 3.974301592147505779e+00
-2.058890656392183827e-01 7.247081747987053069e-01 3.324645247543398519e+00
6.598924800349177389e-01 5.655936736564795009e-01 3.179316116645915624e+00
1.126335523893873036e+00 6.857042350448591117e-01 3.687257392659748501e+00
1.003742652205777297e+00 4.550841975182019494e-01 4.336707457023798895e+00
4.147067366587261494e-01 1.043535986031649265e-01 4.478216245374015969e+00
-5.173630720022925900e-02 -1.575696278521476756e-02 3.970274969360183537e+00
7.085656448786675776e-02 2.148630747414426723e-01 3.320824904996133142e+00
8.241704977526174147e-01 9.589763682413532386e-02 2.952649059837950229e+00
1.409872825558656118e+00 5.645646421926137082e-02 3.333958877579560554e+00
1.429093773618923979e+00 -3.477371472913401984e-01 3.905148933138725020e+00
8.626123938731529162e-01 -7.124895861970681477e-01 4.095029170956278719e+00
2.769100660671142133e-01 -6.730484135921942501e-01 3.713719353214668839e+00
2.576891180068466847e-01 -2.688548020815922923e-01 3.142529297655504372e+00
8.170648025871057873e-01 -2.748143478582449895e-01 2.608030197177915177e+00
1.489280977823929764e+00 -3.924045372508594975e-01 2.763908229974664899e+00
1.663661036610633914e+00 -9.278299891314374381e-01 3.179734131736477121e+00
1.165824920160514200e+00 -1.345665251619401204e+00 3.439682000701539621e+00
4.936087449236902236e-01 -1.228075062226786862e+00 3.283803967904789900e+00
3.192286861369860729e-01 -6.926496103462084220e-01 2.867978066142977234e+00
6.141983450762279473e-01 -5.550507242244544504e-01 2.268462018914390921e+00
1.299420384883736901e+00 -6.155324478862862492e-01 2.138798156312160081e+00
1.638938990555735664e+00 -1.201252746602088584e+00 2.316727490809912471e+00
1.293235556420225141e+00 -1.726491321656059341e+00 2.624320687909895700e+00
6.080135166127160762e-01 -1.666009597994227764e+00 2.753984550512126539e+00
2.684949109407175349e-01 -1.080289299278424986e+00 2.576055216014374150e+00
2.553412636309511097e-01 -8.455321992326453318e-01 2.045083005366619577e+00
8.177728347479216175e-01 -6.813360849301732802e-01 1.662055116226852425e+00
1.299708907927094925e+00 -1.169030571032810606e+00 1.521017144057217996e+00
1.219213409989297947e+00 -1.820921171437920538e+00 1.763007061027350275e+00
6.567818388723274392e-01 -1.985117285740392701e+00 2.146034950167117206e+00
1.748457656931539095e-01 -1.497422799637754709e+00 2.287072922336752079e+00
-1.092644807756235625e-01 -1.324377344454808592e+00 1.944849745419973797e+00
1.182332999631065529e-01 -8.215627851714798480e-01 1.514242872818450270e+00
6.101812131038224507e-01 -9.652243018381246875e-01 1.037431988519933457e+00
8.746313455058086772e-01 -1.611700377788098271e+00 9.912279768229398380e-01
6.471335647670787283e-01 -2.114514937071426903e+00 1.421834849424463254e+00
1.551856516263624419e-01 -1.970853420404781842e+00 1.898645733722980289e+00
-2.146142612190802823e-01 -2.014542626298815087e+00 1.713199787435505606e+00
-4.783941021618801082e-01 -1.371918827411764852e+00 1.626858322216486297e+00
-3.073992283081376509e-01 -9.964599409278649400e-01 1.061357325156346398e+00
1.273754864884047433e-01 -1.263624853331015263e+00 5.821977933152253648e-01
3.911553274312045692e-01 -1.906248652218065498e+00 6.685392585342444516e-01
2.201604535774618343e-01 -2.281707538701965632e+00 1.234040255594384794e+00
-1.478840479306895994e-01 -2.476748879161084105e+00 1.168574557370587019e+00
-6.583074036998881606e-01 -2.152709602095913777e+00 1.521372721771129033e+00
-9.721719690042319728e-01 -1.590979258749490199e+00 1.245785973159690307e+00
-7.756131785393773903e-01 -1.353288192468236950e+00 6.174010601477099014e-01
-2.651898227701787736e-01 -1.677327469533407278e+00 2.646028957471678877e-01
4.867474253416503860e-02 -2.239057812879831300e+00 5.401896443586067242e-01
-1.917841877364862002e-01 -2.667659776677510752e+00 6.142445915580576621e-01
-6.505657617495763656e-01 -2.761011009495166757e+00 1.134633883028871359e+00
-1.252134914304325664e+00 -2.403110325356699217e+00 1.139287375027092875e+00
-1.394922492845985129e+00 -1.951858408400575673e+00 6.235515755545013583e-01
-9.361409188328949638e-01 -1.858507175582919668e+00 1.031622840836878829e-01
-3.345717662781454438e-01 -2.216407859721387652e+00 9.850879208546625687e-02
-2.851205114729202794e-01 -2.814466971496890402e+00 1.398692583591587824e-01
-5.917127126763113143e-01 -3.216188619793442616e+00 6.242461152084106679e-01
-1.282888208323323731e+00 -3.174689746709625116e+00 7.269801297794351580e-01
-1.667471502766945779e+00 -2.731469225329255401e+00 3.453372875012080678e-01
-1.360879301563554744e+00 -2.329747577032703632e+00 -1.390395693480437345e-01
-6.697038059165418833e-01 -2.371246450116521132e+00 -2.417735839190682801e-01
-3.171092529317879327e-01 -2.972369316268169914e+00 -3.218921675442573127e-01
-4.592967958100983017e-01 -3.562331931001139207e+00 2.700153527605209103e-02
-1.118483549998243731e+00 -3.794162704870368330e+00 6.856251926454465240e-02
-1.635482761308078903e+00 -3.436030864006627272e+00 -2.387701995672721067e-01
-1.493295218429768756e+00 -2.846068249273657980e+00 -5.876639023875815937e-01
-8.341084642416227712e-01 -2.614237475404429301e+00 -6.292248863760740996e-01
-2.298282029645001279e-01 -3.087246766435055800e+00 -8.174055722837401117e-01
-2.197611701964418129e-01 -3.766093324944026932e+00 -6.469180218532958326e-01
-7.832863075231780714e-01 -4.164642423704336238e+00 -7.635286366283983162e-01
-1.356878477617973200e+00 -3.884344963955676189e+00 -1.050626801833945079e+00
-1.366945510386031737e+00 -3.205498405446705057e+00 -1.221114352264389247e+00
-8.034203730592948123e-01 -2.806949306686395307e+00 -1.104503737489286763e+00
-2.087685236642339293e-02 -3.076261284769870041e+00 -1.332544243427522979e+00
1.289775971869207560e-01 -3.759774333952875747e+00 -1.351347316198057591e+00
-3.118941636816907614e-01 -4.206341235588245908e+00 -1.661524834455579303e+00
-9.026203741036467054e-01 -3.969395088040610364e+00 -1.952899279942566402e+00
-1.052474823656990965e+00 -3.285882038857604659e+00 -1.934096207172031789e+00
-6.116030627883789483e-01 -2.839315137222234497e+00 -1.623918688914509856e+00
2.664015023309282970e-01 -2.884285982107523072e+00 -1.803268763248032869e+00
5.499638482693740560e-01 -3.495062463958723775e+00 -1.994434882587614144e+00
2.399429585731062131e-01 -3.886605007770238540e+00 -2.484925947070487862e+00
-3.536402770616074442e-01 -3.667371069730552602e+00 -2.784250892213780304e+00
-6.372026230000531477e-01 -3.056594587879351899e+00 -2.593084772874199029e+00
-3.271817333037850828e-01 -2.665052044067837134e+00 -2.102593708391325311e+00
5.595662804339578411e-01 -2.513144829300741456e+00 -2.149819706425588173e+00
9.745794830116027985e-01 -2.981559500244064687e+00 -2.463430512571207043e+00
7.976966349427357938e-01 -3.243016496941152127e+00 -3.088212632143450875e+00
2.058005842962239984e-01 -3.036058822694916337e+00 -3.399383945570075838e+00
-2.092126182814209590e-01 -2.567644151751593107e+00 -3.085773139424456968e+00
-3.232977021255367678e-02 -2.306187155054505666e+00 -2.460991019852213135e+00
7.761152405112219377e-01 -2.022331143811496368e+00 -2.317244372697242483e+00
1.316441533617399795e+00 -2.298045224135705222e+00 -2.666571215194512234e+00
1.277603629916298722e+00 -2.383946013095207483e+00 -3.360194075034237393e+00
6.984394331090197916e-01 -2.194132721730500890e+00 -3.704490092376692800e+00
1.581131400028418232e-01 -1.918418641406292036e+00 -3.355163249879423049e+00
1.969510437039432293e-01 -1.832517852446789774e+00 -2.661540390039697446e+00
8.431659065687711063e-01 -1.504863207966121275e+00 -2.309036849383561574e+00
1.486845815922699376e+00 -1.574911429826849840e+00 -2.575062075458588229e+00
1.597396860102154204e+00 -1.464986769364676533e+00 -3.257480594882780967e+00
1.064267994927680983e+00 -1.285013887041774661e+00 -3.673873888231947937e+00
4.205880855737527124e-01 -1.214965665181046095e+00 -3.407848662156921726e+00
3.100370413942978853e-01 -1.324890325643219402e+00 -2.725430142732728100e+00
7.180893364528821987e-01 -1.044337648046161693e+00 -2.202246416061329093e+00
1.410425088538642457e+00 -9.539495392994012946e-01 -2.252258376441107046e+00
1.683780613459570974e+00 -6.522863621295412750e-01 -2.821710819174465534e+00
1.264800386294739232e+00 -4.410112937064412653e-01 -3.341151301528046069e+00
5.724646342089789730e-01 -5.313994024532014970e-01 -3.291139341148268116e+00
2.991091092880505675e-01 -8.330625796230618496e-01 -2.721686898414909184e+00
4.113092345908382907e-01 -6.632121223991388481e-01 -2.133819054993309816e+00
1.044044975649331519e+00 -5.340962789469388960e-01 -1.863680977416700246e+00
1.476127186871379227e+00 -8.552263834728232594e-02 -2.183190995576750115e+00
1.275473657034934094e+00 2.339351588001745419e-01 -2.772839091313409998e+00
6.427379159764408101e-01 1.048193153479747008e-01 -3.042977168890019790e+00
2.106557047543928807e-01 -3.437543252516822023e-01 -2.723467150729969255e+00
2.078573247631909648e-02 -2.740893028222494143e-01 -2.247007786803559615e+00
4.114603668636703793e-01 -3.043567648957503646e-01 -1.666958469257250997e+00
9.279742427341746147e-01 1.576933582826289815e-01 -1.568352689994199300e+00
1.053813484217327900e+00 6.500109435345093889e-01 -2.049796228277456223e+00
6.631388498299765066e-01 6.802784056080104502e-01 -2.629845545823765285e+00
1.466249739594721047e-01 2.182282824296306878e-01 -2.728451325086816759e+00
-2.139309546607117141e-01 3.185961950798701370e-01 -2.515306767372177621e+00
-2.845579972174669958e-01 -4.345566192395955429e-02 -1.920386374630623783e+00
5.989914966329798474e-02 1.578004660111604895e-01 -1.345194889183103371e+00
4.749833391008184691e-01 7.211084509501103357e-01 -1.364923796477136353e+00
5.456103816575739174e-01 1.083160307953940027e+00 -1.959844189218689969e+00
2.011532347768084927e-01 8.819041800188197611e-01 -2.535035674666211047e+00
-1.678878889503301053e-01 1.066079679019755311e+00 -2.511711041839109981e+00
-6.268577101375480964e-01 5.519595533764447559e-01 -2.389125562895314303e+00
-7.596756206914871967e-01 3.506764596609297513e-01 -1.731976783074187010e+00
-4.335237100582083336e-01 6.635134915887250795e-01 -1.197413482196854950e+00
2.544611112900974081e-02 1.177633617232035634e+00 -1.319998961140650406e+00
1.582640216829487301e-01 1.378916710947550417e+00 -1.977147740961778366e+00
-1.609565402908947895e-01 1.623467546697755726e+00 -2.198654092572310148e+00
-6.612839194297192025e-01 1.285943384204844886e+00 -2.553266491421439799e+00
-1.175917586754485100e+00 9.603202391102882984e-01 -2.208126294060148265e+00
-1.190223874940426807e+00 9.722212565086421066e-01 -1.508373697849727080e+00
-6.898964958016025051e-01 1.309745419001552724e+00 -1.153761299000596985e+00
-1.752628284768362743e-01 1.635368564096109534e+00 -1.498901496361888963e+00
-2.499730231817444137e-01 2.037659208079545259e+00 -1.880798972919617951e+00
-6.217275044116331584e-01 1.972379830345425855e+00 -2.470321838064085895e+00
-1.295634013741174595e+00 1.785442915752420978e+00 -2.440245158631013211e+00
-1.597786041840827842e+00 1.663785378893535505e+00 -1.820645614053473249e+00
-1.226031560610939319e+00 1.729064756627654909e+00 -1.231122748909005304e+00
-5.521250512813973277e-01 1.916001671220660008e+00 -1.261199428342077766e+00
-3.166728729555275956e-01 2.433248033590980519e+00 -1.601626195876752146e+00
-5.237292125629251505e-01 2.618892429473197669e+00 -2.244015354024609277e+00
-1.206104561189255131e+00 2.678831439080141319e+00 -2.388137519961820221e+00
-1.681423570208187890e+00 2.553126052804867818e+00 -1.889870527751174256e+00
-1.474367230600790446e+00 2.367481656922650668e+00 -1.247481369603317125e+00
-7.919918819744600214e-01 2.307542647315707018e+00 -1.103359203666105959e+00
-2.803798322287825995e-01 2.830321722016532870e+00 -1.296577668504284020e+00
-3.294491502227913093e-01 3.215603352246898083e+00 -1.878943762502410353e+00
-9.360801511722296464e-01 3.522691355168601213e+00 -2.045364275506793561e+00
-1.493641834127659607e+00 3.444497727859939129e+00 -1.629418694513050658e+00
-1.444572516133651341e+00 3.059216097629573916e+00 -1.047052600514924103e+00
-8.379415151842123377e-01 2.752128094707870787e+00 -8.806320875105408952e-01
-1.171339639709556568e-01 3.170962876329319613e+00 -9.102363400863413556e-01
-2.209166093813375031e-02 3.696948691657718111e+00 -1.362238422722624742e+00
-5.137191259758995265e-01 4.190083774955605023e+00 -1.433794171906918935e+00
-1.100388894046487653e+00 4.157233042925095212e+00 -1.053347838454929963e+00
-1.195431197079309449e+00 3.631247227596697158e+00 -6.013457558186463547e-01
-7.038037320415433395e-01 3.138112144298809358e+00 -5.297900066343522729e-01
1.462933546800693208e-01 3.369645931114629178e+00 -4.389149455938142763e-01
3.767289128559834221e-01 3.968743562745765008e+00 -7.181665907136216553e-01
1.399594423781136410e-02 4.560262631967391123e+00 -6.258086770048942871e-01
-5.791725825562751284e-01 4.552684069557882296e+00 -2.541991181763593177e-01
-8.096081407321893408e-01 3.953586437926746466e+00 2.505252694344806130e-02
-4.468751721140168942e-01 3.362067368705119907e+00 -6.730538676527958453e-02
