-8.582728331460777182e-01 -5.866418147561843766e-01 -8.456845559496581899e-01
4.534382313748024917e-01 -5.885093198600422904e-01 7.494737523002175106e-01
-3.386491759299898319e-01 8.721453542299062445e-01 5.558030871400905237e-01
8.086560917838301332e-01 -4.225580438971704988e-01 -7.004934745533022422e-01
-2.307080566364258789e-01 2.604071504799010395e-01 -5.429587908489473813e-01
4.560063735086859471e-01 4.099185285436605097e-01 5.569510086234651103e-02
-4.322706956478477025e-01 -5.368755880531743685e-01 -9.090589452474909238e-02
6.981872585449144797e-02 1.665481590962903657e-01 7.011050732611061598e-01
-6.112722336356657404e-01 2.818344789300130104e-01 2.851913805543149216e-01
-2.086627938446234398e-01 -5.966073158211832039e-01 6.435128006310117943e-01
-1.422251528247162611e-01 -5.305949321368269578e-01 -6.786247466897110669e-01
8.064204496854224802e-01 -5.166202805620642019e-02 -1.325718329309159282e-01
-7.522275459140339571e-01 2.674038373786524758e-01 -2.804398030609985826e-01
1.018064097904844839e-01 -5.375173785395706005e-01 -1.230922126128645433e-01
5.775462800261107477e-01 -2.432785491712491921e-01 3.769194830023446796e-01
1.239388674554475905e-01 8.550552536592451736e-01 3.437293888064654745e-01
9.287934364122700515e-02 5.852404100553230126e-01 9.787888009913267018e-01
-4.353463367303125886e-01 -2.408384230696152817e-01 3.485234871920045996e-01
1.914624848057651374e-01 5.304887432901943534e-01 -3.474856068939714548e-01
-6.232322151694820178e-01 -1.126656545229791223e-01 -5.667721660176965326e-01
5.706656151628533014e-01 1.687468199396028323e-01 -4.693019428667178916e-01
-3.255119900883753359e-01 6.357886619256661875e-01 1.238524257305265858e-01
3.057998763403064202e-01 -5.980637138821933707e-01 -5.726952682638297709e-01
4.012850893203743774e-01 4.802583061445430124e-01 5.270524664566539341e-01
-7.086405071805347289e-01 -1.532135480766068647e-01 -6.204231109083432200e-02
-3.030198719516567496e-01 4.238659078302312588e-01 7.784212782417566645e-01
-3.966043454069233948e-02 7.890304294193816181e-01 -1.368514456499876353e-01
4.452696829007634083e-01 -5.328872407427387436e-01 8.171813053962054263e-02
4.185196779934977074e-01 -2.578803016775006451e-01 -7.101306273930914070e-01
5.854473832760876961e-01 1.389556467812342877e-01 3.710261493720901638e-01
2.115465456383659737e-01 -4.411658448471222349e-01 5.326313586876201267e-01
2.460698127939087987e-01 1.287520690282712155e-01 -6.079063438134049147e-01
1.174164346728650693e-01 9.486519270438745766e-01 6.844689487993563803e-01
-4.910337384327843058e-01 -5.017740986117267266e-01 -6.670316585849718205e-01
-4.420095290515724806e-01 4.306168167447521622e-01 -1.215550128434760152e-01
-1.204100080371236781e-01 1.309618175894683607e-02 -7.261191805187821036e-01
4.692165333299100349e-01 -5.820701594183845806e-01 -2.901073481608539284e-01
2.223572185019550562e-01 6.837150371024885986e-01 7.184800501955737606e-02
8.479082156571943196e-01 7.164608045006425063e-02 1.804173069262943185e-01
-1.653216484344723902e-01 8.390974095739836894e-03 5.617246718520343407e-01
-7.111500432686175266e-01 -3.397470714780581047e-01 -3.638582208984041388e-01
-2.424511958007798951e-01 -6.137366574583584811e-01 3.338536920649948780e-01
-2.419433397544283326e-01 7.522675689547569933e-01 8.340288240335825831e-01
8.185814772638112524e-01 -5.389140619341460381e-01 -4.139132546083910680e-01
2.014325495185125825e-01 -6.259779508108147539e-01 2.783881916309196014e-01
-2.735139755064338596e-01 -6.138824133763108870e-01 -4.148314459455034742e-01
6.656152234992568362e-01 -1.243975959885246507e-01 -5.508107206260182132e-01
6.117629892488887222e-01 3.408341333230873738e-01 -1.849032095012005938e-01
3.001389314252414509e-01 7.135811853420473971e-01 7.213638844430576569e-01
1.338922115902533294e-01 -4.103479348705190710e-01 -7.505036682462148390e-01
2.422623523459789818e-01 3.963032528483924066e-01 8.042101087385215008e-01
-1.194800834322518879e-01 -3.734228495620800503e-01 4.447782278217359830e-01
-8.709539079889996871e-02 4.987429337468248236e-01 -4.629661544736409784e-01
-3.772014301854384466e-01 1.304301459402722185e-01 4.180711020471606920e-01
-6.519125435817103575e-01 -9.376037027047912087e-02 2.495870557683033397e-01
2.973451665179012160e-01 -1.828155773986730459e-01 4.641253959305426391e-01
-4.176935865683891747e-01 6.042627066184796947e-01 5.554613717016732011e-01
6.454243694276416976e-01 -3.416064487523179372e-01 -3.274583963750816729e-01
1.869531985206141509e-03 -6.170273858085406626e-01 -3.906960624946589355e-01
-3.570958883518729476e-02 -6.181264674190867225e-01 1.313385881916858677e-01
-2.442748521012351737e-01 6.202321145564563265e-01 -2.106759707660700309e-01
-3.949056103087533048e-02 3.570913327784647762e-01 9.090275464257062676e-01
-7.823012356962291691e-02 9.858896375881364138e-01 4.980229313044715056e-01
-1.636201825886486882e-01 -5.898650086621843869e-01 -1.578843447854824389e-01
-4.294111827393046754e-01 -4.628988792145654618e-01 1.977485451993228061e-01
-7.813772058249441876e-01 1.496298329768139534e-01 1.413363528887707221e-01
-4.178058413027112006e-01 -5.017722739969190382e-01 5.276691050410178274e-01
7.524188435383919460e-01 -2.115165313612759057e-01 1.954947574704694047e-01
-5.412079076625098129e-01 2.748873172903283368e-01 -4.209073410175501739e-01
-4.039445662120672575e-01 9.939190780156190175e-02 -6.005565723360305475e-01
-6.079793510744662122e-01 3.914083326377742478e-01 4.697640960548433997e-02
-9.124303938723864194e-02 -3.156635304012254117e-01 -7.822928081395134070e-01
-7.526197022828696737e-01 -6.033111875877387176e-01 -6.395385332528737976e-01
-1.258817331455321098e-01 7.772421144651661118e-01 8.122285311412519304e-02
4.384930595231152917e-01 -4.482612505158607430e-01 4.986002803050289534e-01
6.755507757628105292e-01 3.305349647112362788e-01 2.912723687205588385e-01
7.751063781783661399e-01 8.017710037930229211e-03 -4.043879419595425850e-01
7.985495527056466480e-01 2.043980634529893869e-01 8.434471239132606754e-03
3.540456335884270556e-01 6.805986187071850768e-01 4.520038941058172610e-01
3.021960456443446574e-01 3.563206344407173209e-01 -4.199933696727725096e-01
3.457401276166747750e-01 5.586573836548647254e-01 -8.004138913601242800e-02
-1.300207273643833594e-01 8.557034658419127027e-01 3.276991554609166579e-01
-2.922245963036848582e-01 -1.193898340153816823e-01 -7.380732546673295369e-01
-7.911028896284285628e-01 -8.369389928735393447e-02 -2.491735056662787440e-01
3.998867574698726224e-01 1.162776967576108385e-02 4.169462350263430928e-01
2.134393738774669202e-01 -1.902353379698555058e-01 -7.558646591981026397e-01
9.922472813763798527e-01 -4.874362517563021191e-01 -6.223271593926640310e-01
3.039624533903307474e-02 3.620917725960807187e-01 -5.679062006080689562e-01
4.703695941471034564e-02 -2.677861117723609463e-01 5.209069103288743730e-01
4.680994474819976658e-01 -5.131002647010705076e-01 -6.704379199840053705e-01
-3.573242339904878495e-01 -3.797383390338476827e-01 -7.632366324085486653e-01
-8.562678131899084111e-01 -1.685693188768168371e-02 2.598446310496227082e-02
2.684676991308204141e-01 -6.220648155445314131e-01 -2.874204187557099499e-01
-3.699227273430140128e-01 2.765191153358425025e-01 5.568999525368938386e-01
5.549678912692835864e-01 -3.744846095061044600e-01 1.418790272725087009e-01
-8.827144110270866983e-01 -4.301312379862756163e-01 -7.194255450909737837e-01
-4.587414290931352556e-01 -5.894722188563025211e-01 -3.508148690240002199e-01
3.283707450382101212e-01 6.354036918975316528e-01 2.493424001535854417e-01
8.858728051350515942e-02 8.542523972988087799e-02 -7.220134813754373049e-01
-7.923061200619424538e-01 -5.609342501677321707e-02 -4.491164098767862489e-01
5.742231491832076040e-01 -4.348170383828913743e-01 -1.684328080881831724e-01
6.985729320191299552e-01 -2.142447333358650507e-01 -1.043208967585656510e-01
4.474949612813423211e-02 -9.940684221151178945e-02 -8.067816523276378771e-01
4.988589671578224638e-01 -8.161447820654120500e-02 -6.445344221093167736e-01
6.337798732708429528e-01 -5.829510692297780183e-01 -4.491261179379701374e-01
7.663356788409150244e-01 -1.843324721038926695e-01 -3.885312895794874044e-01
2.823831690595164923e-01 -6.014058394988426315e-01 6.710305391203726932e-01
2.491444876118193708e-01 9.513517408556110277e-01 5.504939210201759137e-01
-5.072533712202469403e-01 -3.981704319474447806e-01 3.805366197050409627e-02
-8.216185325330186418e-01 1.184167635647086214e-01 -1.914199378611824987e-01
7.401553499057325070e-01 2.139900871935128956e-01 -2.324291165735959119e-01
2.376549508814978229e-01 2.099722616905990713e-01 6.321834516531249504e-01
-1.031462003641048092e-01 -6.240462524405394618e-01 4.543285901787784131e-01
-7.428249305637444344e-01 -2.503446662178793192e-01 -5.279130006413527143e-01
-1.323398253122410884e-01 8.892463077042288555e-01 7.921550042316150009e-01
2.097934686618855848e-01 6.922149933361423368e-01 8.888103738873336379e-01
1.390147580967466268e-01 -5.632795889358094277e-01 -6.380024560430226366e-01
-7.375923349268032059e-01 2.732454009263349248e-01 1.944123028277829806e-03
6.632895297455275729e-01 3.170115595563523514e-01 3.047931622124611106e-02
1.838027376368809584e-01 -6.114841112374775900e-01 1.556359740300406608e-02
-3.837773436105328950e-01 -7.459648833750204266e-02 3.753109799141964853e-01
-2.606464825042581479e-01 3.931850335345772884e-01 -4.318416737671363914e-01
-8.853621019407003079e-01 -5.227731639005390729e-01 -5.539162815860257938e-01
-1.402260144788781138e-01 1.547186362829755524e-01 6.541910027128318150e-01
-4.547357793827936923e-01 4.938955483063922625e-01 4.599626961242319484e-02
6.638858620158621937e-01 -5.200843925628338971e-01 -7.097896603276989680e-01
1.553090663296649021e-01 -6.276644162116721271e-01 4.454656084450909770e-01
-4.395306403544656515e-01 2.867151339703163937e-01 3.685345245383010448e-01
7.288006700980058650e-01 3.951537196744885072e-02 3.052301284906716594e-01
4.713932542962493422e-01 5.201791009154210776e-01 1.880609187566331109e-01
1.701468567813045063e-01 -6.179505698123625157e-01 -4.482941350156962046e-01
-5.955168069435965439e-01 -4.777995841937298649e-01 -3.554910362937014900e-01
-6.359145634807307212e-01 1.111656969262042327e-01 2.344172643081135765e-01
1.130391722183449327e-01 7.620750631166657296e-01 -6.091297462000695717e-02
-4.248941900279152306e-01 4.264273115758385191e-01 6.233538348834634091e-01
-3.811553217248650482e-01 7.372592353982329039e-01 4.453341234622468781e-01
-4.358314225423818855e-01 -2.180789362394919828e-01 -7.397746807394007806e-01
4.603467708698799066e-01 -5.624494128945893845e-01 -1.152040906847848351e-01
4.634013851954106866e-01 -4.638461860479232701e-01 2.559877447331492806e-01
-5.620551494470917842e-01 1.378007130005347025e-01 -5.446883016975911929e-01
1.832336288200796803e-01 6.467007826314329355e-01 -2.252396216523838701e-01
4.183010921466873144e-01 4.366330930843486668e-01 -1.714296886544661169e-01
4.710580655246220383e-01 -6.151137914085654801e-01 -4.910071928006512487e-01
-3.277769772211856503e-01 -5.502972176158610340e-01 -6.619190027485076788e-01
-4.433661014687224622e-01 5.673125269323603392e-01 2.228383745027074647e-01
6.457314078082377826e-03 8.379638734885890283e-01 2.165920998386624274e-01
-2.567098366865527836e-01 -2.811373396390248747e-01 4.159070775050141000e-01
-6.261334034883720978e-01 -2.775838667565297957e-01 4.512738774239463679e-02
3.877444460157879469e-01 1.675951799440756618e-01 -5.272142073293684117e-01
-6.511684227285477466e-02 5.237053941461697892e-01 9.706098322023822833e-01
-6.885815902320998605e-01 3.539048681315814515e-01 -1.422053478462786402e-01
-1.863785906331142661e-01 3.064534141232847508e-01 8.013157968529267539e-01
-1.984316906619247867e-01 9.706435827880910416e-01 6.150838140431581502e-01
1.798675832275096476e-01 8.433504681491497124e-01 8.052203915339737339e-01
-3.180741896864908158e-01 -6.098247780957740671e-01 -2.200373481461899705e-01
5.558169437321007766e-01 3.380649841486572105e-01 4.050227610192576044e-01
3.527635265592208857e-01 3.349573333829492516e-01 6.090339872981448410e-01
-7.390869151292255301e-01 -3.837645056330253879e-01 -6.354148731569319031e-01
-2.845657943936039103e-01 -4.464982697745598084e-01 6.273846759361804137e-01
2.704863308137563926e-01 -2.755630724612661772e-02 5.266830820044554606e-01
2.958754151133773380e-01 -4.829231736627193072e-01 -6.998910758445506808e-01
-3.474077549490083849e-01 5.702829761430455724e-01 -8.138810718242868447e-02
-6.965669895615742568e-01 -5.615164186241389244e-01 -7.953134593654956896e-01
-2.397697066335128802e-01 9.429983225176844508e-01 4.308173914069652888e-01
3.846946630130292921e-01 -5.763291155592007442e-01 4.131188682838359272e-01
4.369323952274712375e-01 5.467870084268938724e-01 3.535074852326077210e-01
6.543909473948743560e-01 -2.478105369092030719e-01 6.006112987765259426e-02
-3.773388498096776345e-01 2.464842020747168849e-01 -4.530300473985506282e-01
-5.885172994226409854e-02 -5.515598984554014317e-01 -1.848668922055916528e-02
2.174309707402669600e-01 -2.146427384756507614e-02 -6.987071497191859049e-01
-1.220002904419357215e-01 -6.171644688820823177e-01 -5.008696682853488458e-01
-3.899111069789762962e-01 -5.378287952642870628e-01 3.622505609771972113e-01
-5.774036107157414222e-01 4.631479689369235042e-01 1.939988221581472883e-01
9.612754696966040180e-02 9.654978846747431787e-01 4.879835071756680187e-01
-3.668205139853025765e-01 -5.570464914859439842e-01 5.582833204891524820e-02
-7.865268314291571847e-03 4.516144107144604708e-02 6.034077812614944136e-01
5.865392202110781827e-01 -2.435748713552835232e-01 -6.236220318189675815e-01
8.402561565932431531e-01 8.069690448157858242e-02 -2.280399711470767476e-01
-1.799312954225133765e-01 6.470247583931375557e-01 9.424209694148181216e-01
6.137297577321539910e-01 2.662858461237354590e-01 -3.435925080541121224e-01
-6.023697232095412968e-01 -2.725830714944708633e-01 -6.162220569845072715e-01
3.311356060319224914e-01 1.330612167967201720e-01 5.009590689269013408e-01
-7.001407400218420118e-01 -2.221561920532860168e-01 -2.481855285445959125e-01
6.660849541072113578e-01 -1.061757129185556398e-01 3.462296407181804092e-01
-4.329250878144518810e-01 -6.073945807422497234e-01 -5.514346558473747217e-01
-9.827181081268780982e-01 -4.841959965170350433e-01 -8.444944141705590379e-01
-3.772115339517574939e-01 -5.747774583874493137e-01 6.756688927641777420e-01
-5.487328399203014184e-01 -3.559119975560161020e-01 1.992846431973135657e-01
4.304430885145043018e-01 -1.674205202880952592e-01 3.702104227749678511e-01
1.592410068591052219e-01 7.680558187082520138e-01 2.036287199372230905e-01
-8.491574924489669884e-01 1.475990840884048860e-01 -1.433051647431397152e-02
3.627405861871122461e-01 4.606303085541091358e-01 7.131263138886366759e-01
5.894020730340593373e-01 3.999785009970812100e-01 1.668125921306699566e-01
8.163282743574146183e-01 4.484471637637992697e-02 8.202725059093895696e-03
-2.880666128857641284e-01 -6.137698796656368971e-01 4.884043838496063272e-01
7.122162934470014362e-01 -4.277571771584592342e-01 -4.586995967062256208e-01
-2.249054358121269429e-02 -5.460825706766747611e-01 -2.287469757741951992e-01
4.187821868660318025e-01 -5.996933318684567471e-01 5.831423802392959876e-01
3.668233690157978177e-01 2.915137028918285411e-02 -6.599782012491718364e-01
-2.713366243675590650e-01 1.447787035215811202e-01 5.461189115285712825e-01
